This sample file has been generated by the IBDSim program.
locus1_SMM
locus2_SMM
locus3_SMM
locus4_SMM
locus5_SMM
locus6_SMM
locus7_SMM
locus8_SMM
locus9_SMM
locus10_SMM
locus11_SMM
locus12_SMM
locus13_SMM
locus14_SMM
locus15_SMM
locus16_SMM
locus17_SMM
locus18_SMM
locus19_SMM
locus20_SMM
pop 
45 45 , 187188 095107 049049 081081 020017 032038 145133 144143 120120 017018 054055 027027 175173 139150 195195 030031 184183 156154 192192 127128 
pop 
45 46 , 188187 093093 050049 081080 025020 040032 131133 143164 118118 018014 058056 029029 175173 139139 195191 019019 185183 156144 190192 127131 
pop 
45 47 , 188186 107097 053050 080079 020020 037043 145133 147160 119119 014018 054056 029026 173175 135139 195191 019019 183183 159142 190190 131131 
pop 
45 48 , 186186 102107 054050 080080 020017 038032 137145 155163 120118 017013 055055 029030 173173 150139 191191 019019 183183 159156 192190 126126 
pop 
45 49 , 188186 108097 053050 081078 020020 038038 131131 163142 119118 018014 056051 029026 173171 152139 191199 019019 184183 143155 192191 131126 
pop 
45 50 , 186188 108094 050053 081080 017017 032032 137131 163147 118118 019019 055056 032027 173175 139139 198197 019017 184183 139155 192192 126126 
pop 
45 51 , 187186 094094 049048 079079 017017 032032 131145 144164 118118 017018 056058 026032 176175 139152 198199 021019 183183 156156 193193 131128 
pop 
45 52 , 186187 097100 050048 080081 020021 032032 137145 144155 118119 018012 054058 032029 175175 152152 199194 017018 182183 139156 190190 129131 
pop 
45 53 , 187188 107100 048050 081080 017017 037032 132131 143162 124119 018012 055055 027026 173173 152138 194199 018018 183184 143139 191193 131129 
pop 
45 54 , 188186 100100 050050 080079 017020 032032 131132 162144 119124 018017 055056 027033 173175 152152 195195 020020 183183 143156 192190 128128 
pop 
46 45 , 187187 107093 049050 080078 020020 043032 131131 143164 118120 019011 054054 029029 173175 149150 195199 031029 184183 155154 190192 127131 
pop 
46 46 , 186188 107107 049050 080081 021026 040032 131145 164164 119119 018012 054056 029031 177175 139135 193199 019030 183183 144156 192190 131127 
pop 
46 47 , 188186 095107 048050 081081 020026 032032 145145 143155 118119 014013 053055 029027 175175 139150 191195 016019 183184 154155 198192 126128 
pop 
46 48 , 186186 093107 053050 078080 020026 032038 145145 156164 120118 012018 054054 029033 175173 139141 191194 030019 182182 159156 197193 131131 
pop 
46 49 , 186188 108094 050048 080078 020020 038038 131133 147155 119118 018017 055055 029028 171175 150136 191191 021021 183183 139156 190193 131126 
pop 
46 50 , 186186 094094 054053 080080 017020 032038 145145 155161 119118 011014 055055 026032 173173 150139 198196 031019 184182 142144 192192 126126 
pop 
46 51 , 188186 094103 050050 079081 017020 032038 131145 144163 118119 012012 054055 029026 175175 150150 191199 031018 184183 139159 193192 126129 
pop 
46 52 , 188188 107100 049050 080080 020030 032032 137137 162155 119118 018017 056058 027028 173173 150139 196199 021018 184183 144143 191191 131131 
pop 
46 53 , 186188 107100 050050 080079 021020 027032 132132 164144 119118 021018 055054 026027 176175 152152 194199 021021 183183 143156 193191 126127 
pop 
46 54 , 188188 094100 050048 080080 020020 032032 132132 155162 118118 017018 058055 026027 170175 152152 199191 031020 183183 143155 192192 131132 
pop 
47 45 , 187187 093093 049050 081081 020020 032040 132131 156164 118120 018018 055054 028029 175175 139139 195195 031019 184184 155144 190192 129129 
pop 
47 46 , 188188 095093 054051 080079 020020 040040 132132 154142 118118 017013 054054 031027 173175 139139 199194 031019 184184 144155 197192 132128 
pop 
47 47 , 188187 107093 050048 081080 017020 038032 132133 143147 118119 018013 054056 032031 175173 135135 195193 030019 184183 155156 195193 127131 
pop 
47 48 , 188186 093094 050050 078080 021026 041037 133131 155155 118118 013012 055056 028028 173173 135139 195191 017019 183182 159137 190198 131131 
pop 
47 49 , 188188 107107 050050 080081 020017 032027 133145 147147 119119 019017 055054 032029 173173 135135 191191 019019 183183 159159 192192 134129 
pop 
47 50 , 188188 107093 049054 081080 020020 038027 135137 155144 118118 019013 054055 026032 173173 150139 196195 019019 183183 137137 192193 126131 
pop 
47 51 , 186186 107103 048050 079080 020030 032032 145145 164144 118118 017011 055056 028027 175176 152152 199199 021021 183183 139155 192193 128129 
pop 
47 52 , 188188 100100 049050 078080 021017 032032 133135 155162 118124 012018 055056 028026 173173 152150 199199 021018 183182 143142 192193 128132 
pop 
47 53 , 188188 097100 050048 080080 020020 031041 135132 143164 119118 018021 058055 027026 172175 152152 199196 016020 183182 139143 195192 128128 
pop 
47 54 , 186187 100100 050050 079080 020020 032032 131132 155143 118118 017018 055057 026028 173173 150150 199199 021030 182182 143157 192193 130127 
pop 
48 45 , 188188 098098 050050 080081 021017 027032 132132 144144 119118 017014 055055 030029 175175 139138 191195 031031 183183 156156 194192 132132 
pop 
48 46 , 188188 093093 054050 079081 017020 040043 131132 143155 118118 014014 055055 031032 173173 139138 191191 017030 183183 142144 192198 129128 
pop 
48 47 , 188188 107110 050048 079080 026017 027037 132131 147143 119119 018018 055056 028030 173173 138150 195195 021018 182184 156155 198192 129127 
pop 
48 48 , 188188 094102 054054 080080 020020 042042 133131 155156 118118 018018 055058 032032 175171 139141 191191 017019 183182 156137 198198 129131 
pop 
48 49 , 188188 107107 053049 080079 017017 042032 133145 147154 119118 012012 054055 029032 173173 139150 195194 021019 183182 155137 192191 129129 
pop 
48 50 , 186187 102102 048048 080080 017020 042032 135131 155147 118118 019017 055058 030030 173173 152139 195199 021021 183183 159155 192192 129131 
pop 
48 51 , 188186 100094 048049 080080 020020 032027 137145 155144 118119 017018 058055 032028 175173 139140 199199 021021 183183 155155 195193 126129 
pop 
48 52 , 188188 100107 048048 079080 020017 032041 145135 144147 118118 012017 054056 028028 171175 140150 197199 016016 183182 159156 192191 131128 
pop 
48 53 , 186188 100093 049049 081079 020017 031032 132133 155147 118119 018017 058058 033028 173171 150140 199199 019021 182182 155139 192190 128129 
pop 
48 54 , 187188 100100 048049 079079 020025 032032 132132 144155 118118 012017 055055 027028 173173 153141 199199 031030 182182 159156 191192 131130 
pop 
49 45 , 187187 093107 050054 080079 017021 037027 144135 142143 119118 014019 055051 028028 176175 139139 194195 019030 183183 156137 192194 128128 
pop 
49 46 , 187188 107107 050054 081079 017020 040027 133133 154155 119119 019014 055055 029031 173175 139140 194194 017018 183182 156156 192192 126126 
pop 
49 47 , 186186 107093 049050 081081 022025 040042 133131 143156 119119 017012 056056 031030 173173 139153 195195 018021 183184 155159 194192 132126 
pop 
49 48 , 188188 107093 049050 081081 020017 032040 131135 144156 118119 017017 055055 029030 175173 135138 191191 029029 184184 156139 198191 131126 
pop 
49 49 , 188188 094102 053053 080080 020022 041038 131145 147147 118118 017011 056056 029028 175173 153139 195191 031018 182183 159159 192191 128132 
pop 
49 50 , 188188 107102 053051 080079 020020 032032 145145 156155 118118 019018 055053 028026 171171 140141 195194 031031 183183 137154 194194 132132 
pop 
49 51 , 187187 094107 049048 083080 017017 027032 133135 147144 118118 018019 055055 028028 175171 153153 194194 021019 184183 142159 192193 132132 
pop 
49 52 , 188186 100094 048048 080080 021021 032041 145135 144147 118118 017019 056055 033028 175171 150140 197194 031021 183183 137155 195191 131129 
pop 
49 53 , 186186 094100 048048 081081 020020 032032 145132 155155 118119 017017 055054 029029 175171 140140 199197 021031 182182 137155 193192 129131 
pop 
49 54 , 187187 100108 049050 079079 026017 032027 132135 143162 118118 012017 055053 028031 173173 152150 199191 031031 184182 139139 191192 126129 
pop 
50 45 , 187187 098093 053050 081079 017020 038043 132145 147143 121121 019014 058058 029026 175171 139140 194199 031019 184183 156159 192195 134129 
pop 
50 46 , 188187 098093 050048 079079 021025 027027 133146 164156 121118 014017 058058 028028 175175 139140 196191 018030 183183 137137 191192 134128 
pop 
50 47 , 187187 107107 048049 079081 021022 027040 132131 155164 118121 019015 056056 028029 175175 139139 197199 018030 183183 156156 194192 131134 
pop 
50 48 , 187187 107107 049049 083081 031020 042027 132133 143155 121119 017013 055055 028030 171171 139138 195191 031021 183183 156137 194191 132131 
pop 
50 49 , 188187 093094 049050 079083 022031 032042 135135 155155 118119 012017 051055 032032 171173 138139 195193 018031 183183 154155 194192 132132 
pop 
50 50 , 187187 107093 049049 081083 017017 041041 145145 155155 119119 017017 058055 028030 171171 150138 193194 018031 183184 155139 193192 129129 
pop 
50 51 , 188188 094094 048048 079079 020021 041032 145135 160160 119119 017018 055055 028029 171175 139153 199191 018029 183184 155139 193192 129129 
pop 
50 52 , 186187 100094 048048 079079 020021 032031 135135 147143 119119 019012 055055 029033 173174 152150 199199 018018 183183 139159 192192 129128 
pop 
50 53 , 186186 100094 048048 080079 021020 041041 133145 155147 119118 018018 057056 028028 173171 139150 199193 019018 183183 156137 190192 129131 
pop 
50 54 , 186188 100100 048048 081079 017026 032032 136135 160155 118118 018018 055053 028026 173175 138138 193199 021031 182183 156144 195192 130128 
pop 
51 45 , 188187 102107 050050 081081 025025 027042 145133 143155 118121 019014 058053 029030 175175 138139 197197 018018 183183 156156 192192 134128 
pop 
51 46 , 187187 093098 050049 079079 021017 027037 132135 147143 119118 019017 052054 026030 175171 139140 198195 019018 184183 155137 192195 126129 
pop 
51 47 , 187187 107098 049049 081079 022017 027043 135135 142143 118119 012017 051051 029029 171171 139138 197195 031031 187187 155137 194192 132128 
pop 
51 48 , 187187 107107 049053 081079 020021 037043 135135 164164 121119 017017 058051 028028 175171 139138 195195 031029 187183 155155 194192 127128 
pop 
51 49 , 187188 094103 049054 080081 017020 041041 145145 164155 118118 017019 053056 028029 171171 138139 191195 018029 183183 155155 192192 132126 
pop 
51 50 , 187188 103103 054048 081081 017021 042041 145145 147147 118118 017017 053056 028028 171173 153138 197195 018019 187183 156155 191193 126132 
pop 
51 51 , 188187 094094 049048 081080 017020 032041 135135 147155 119119 017017 053056 028027 171174 152152 194191 018018 183183 144137 192197 129130 
pop 
51 52 , 188187 094094 054053 081079 020020 041032 133135 143164 119119 017017 056056 033027 171173 150150 199193 031021 183183 137144 192192 126127 
pop 
51 53 , 189188 100094 048048 079081 030020 032032 133136 164147 119119 017017 053053 028027 173175 150153 199199 029029 183184 139156 192191 129130 
pop 
51 54 , 187188 100100 049050 081079 030025 032032 135135 157155 118119 017017 055053 028029 173175 150152 196191 021031 183183 157156 195192 129126 
pop 
52 45 , 188188 107107 049050 079081 017017 027032 133131 143156 121121 017019 051058 028029 175175 139138 197197 031019 184184 156154 196193 132128 
pop 
52 46 , 187187 107107 049050 083081 017021 037039 133132 156143 121121 017018 051051 029028 171175 138139 193196 019019 183184 137156 192192 132128 
pop 
52 47 , 188187 107107 049054 081079 021017 037042 136133 161155 119118 018017 051055 028028 175171 139139 193191 031018 183184 155155 194192 132128 
pop 
52 48 , 187187 107107 049049 081083 020031 041042 136145 156147 119121 019018 057051 028029 171171 139138 197195 018029 183187 156155 192192 126130 
pop 
52 49 , 187187 107103 049049 079081 020020 041042 144144 144144 119119 017019 053056 029029 175175 140138 193195 018031 183183 156144 192192 132131 
pop 
52 50 , 188187 094103 054049 080079 021020 032031 145136 147142 121119 017017 056055 028028 174174 139139 191193 031018 183183 137144 192191 132129 
pop 
52 51 , 186188 107094 048049 079080 020021 032032 145145 162144 119121 017015 056058 029028 175175 138149 191195 018031 187184 137154 191197 130131 
pop 
52 52 , 187189 100093 053049 079081 020020 040041 135135 156155 119119 017018 055056 029028 171174 150153 196191 030018 183183 156157 191192 129126 
pop 
52 53 , 188188 100094 048048 079079 021030 032032 145145 147155 119118 012017 056056 028028 171175 150153 199199 021031 187183 159157 197192 130131 
pop 
52 54 , 187189 100100 053048 078081 025017 041041 133145 160164 119119 017017 058053 028027 173173 150150 199191 018030 184183 142139 191194 130126 
pop 
53 45 , 187187 107107 050050 081080 020020 043042 133145 143142 119121 015016 058052 028030 175175 150139 198196 018019 184184 144159 192195 130132 
pop 
53 46 , 187187 107107 054050 083083 016029 042027 144133 155161 118118 016017 058055 026030 175175 150140 191191 029019 184184 159154 192194 134134 
pop 
53 47 , 187187 107107 054049 081081 017016 042027 145145 156143 121118 012016 055051 028027 175175 139150 193195 018031 184184 155158 192192 134129 
pop 
53 48 , 187187 107100 050049 081081 031021 041042 133133 147160 121119 017017 058055 026028 174174 150150 199195 018019 183184 155156 196192 130132 
pop 
53 49 , 187187 107103 049049 081079 020020 041042 145131 144144 118119 017017 056055 028028 175171 150150 199199 031031 183183 156156 198190 132129 
pop 
53 50 , 187187 093107 049050 081081 020021 042031 133131 155155 119121 018017 055055 027029 175175 138139 191195 018018 184184 137144 193193 129129 
pop 
53 51 , 186186 107103 049049 081081 020020 032035 145133 143143 118118 017018 053055 028028 175176 138150 193193 031030 187183 155156 190196 129130 
pop 
53 52 , 186188 093100 049049 081078 020020 032031 145132 143160 119124 017017 056056 029029 175170 150150 193191 029031 182187 159144 192192 126126 
pop 
53 53 , 188188 094100 053048 078078 020017 041041 145135 143155 124126 017017 058055 029029 173174 150150 193196 018028 184184 159157 192191 129128 
pop 
53 54 , 187186 100100 049053 081079 017020 032032 145133 164143 119119 018019 054056 027028 174174 150138 195199 018030 183183 157142 192192 126131 
pop 
54 45 , 187187 098107 049054 081078 029021 032031 133132 163143 119119 012019 058058 026027 175171 138140 198193 019019 184184 158159 191190 130132 
pop 
54 46 , 187187 107107 049049 083083 020029 038032 136132 156156 122121 019017 052055 026028 175175 150150 198195 018019 187187 158154 193192 127132 
pop 
54 47 , 187187 107103 049049 076083 029022 042031 131145 156156 118121 017017 052055 028028 175175 140139 197191 031018 183183 155158 192192 132130 
pop 
54 48 , 187190 099107 049048 079081 020020 039042 131145 156160 119119 019018 058055 028030 175171 140152 195195 031017 183183 156155 192192 129130 
pop 
54 49 , 186186 107103 050049 081081 020020 030042 136144 144144 119119 017018 058053 028028 175175 150150 198198 030031 183183 156144 190191 130130 
pop 
54 50 , 186186 100103 049049 081079 021020 031042 144133 156160 118121 017017 055058 028028 175171 149139 191191 018030 183183 159159 191198 132132 
pop 
54 51 , 186187 093100 049050 081080 020020 032035 144133 147155 119119 017019 053056 028028 171176 139149 193194 018021 183183 156155 198198 130126 
pop 
54 52 , 186187 093093 049053 079076 020020 035032 136145 155143 124119 017017 052055 028028 173173 150150 196193 031031 181187 154156 191191 131130 
pop 
54 53 , 188186 100100 049053 079079 017020 032032 131131 160164 119124 017017 054055 028028 175174 149152 199199 031028 183187 156144 192194 126126 
pop 
54 54 , 188187 094100 053051 080079 017017 032040 133133 162162 126119 019017 054051 028028 175174 138138 196196 031018 181183 156144 194191 126132 
