This sample file has been generated by the IBDSim program.
locus1_GSM
locus2_GSM
locus3_GSM
locus4_GSM
locus5_GSM
locus6_GSM
locus7_GSM
locus8_GSM
locus9_GSM
locus10_GSM
locus11_GSM
locus12_GSM
locus13_GSM
locus14_GSM
locus15_GSM
locus16_GSM
locus17_GSM
locus18_GSM
locus19_GSM
locus20_GSM
locus21_GSM
locus22_GSM
locus23_GSM
locus24_GSM
locus25_GSM
locus26_GSM
locus27_GSM
locus28_GSM
locus29_GSM
locus30_GSM
locus31_GSM
locus32_GSM
locus33_GSM
locus34_GSM
locus35_GSM
locus36_GSM
locus37_GSM
locus38_GSM
locus39_GSM
locus40_GSM
locus41_GSM
locus42_GSM
locus43_GSM
locus44_GSM
locus45_GSM
locus46_GSM
locus47_GSM
locus48_GSM
locus49_GSM
locus50_GSM
locus51_GSM
locus52_GSM
locus53_GSM
locus54_GSM
locus55_GSM
locus56_GSM
locus57_GSM
locus58_GSM
locus59_GSM
locus60_GSM
locus61_GSM
locus62_GSM
locus63_GSM
locus64_GSM
locus65_GSM
locus66_GSM
locus67_GSM
locus68_GSM
locus69_GSM
locus70_GSM
locus71_GSM
locus72_GSM
locus73_GSM
locus74_GSM
locus75_GSM
locus76_GSM
locus77_GSM
locus78_GSM
locus79_GSM
locus80_GSM
locus81_GSM
locus82_GSM
locus83_GSM
locus84_GSM
locus85_GSM
locus86_GSM
locus87_GSM
locus88_GSM
locus89_GSM
locus90_GSM
locus91_GSM
locus92_GSM
locus93_GSM
locus94_GSM
locus95_GSM
locus96_GSM
locus97_GSM
locus98_GSM
locus99_GSM
locus100_GSM
pop 
5 5 , 186186 105105 012012 028028 081081 051053 167167 145145 055055 104104 072072 045045 048048 024024 023023 182182 046046 114114 119119 085085 061059 099099 150150 014014 088088 149149 191191 171171 038038 188188 052052 005005 176176 070072 178178 197194 055053 086086 108108 192192 077077 183183 097097 126126 028028 014014 180180 096097 080080 065064 185185 002002 131131 076076 095095 002002 057057 168169 070070 001001 059053 134134 052052 004004 184184 005005 001001 155155 146146 159159 159159 030030 162162 006006 031031 082082 080081 186186 181181 199199 074074 190190 179179 187187 106106 048048 115115 062062 091091 150150 098098 175173 178178 105105 076076 192192 097097 144144 063063 109109 
pop 
5 6 , 185185 105105 013013 029029 084084 052052 167167 148148 055048 105105 070070 045045 047047 026027 026026 182182 046051 115115 114119 087087 059059 101101 150150 014014 088088 148146 187192 171171 038038 188188 052052 005006 176176 070071 181181 197194 054054 086086 105105 195195 074074 182182 097097 126126 028027 015015 166166 097097 080079 064064 187187 002002 130130 073073 092094 004004 055055 171171 079078 004004 053053 135135 050050 006006 194194 004004 002002 150150 146146 162162 164164 031031 162162 012006 018018 081081 081081 184184 189184 199199 077077 187187 171171 186186 106108 048048 116116 062062 091091 149149 099099 174174 175175 105105 076076 190190 097097 141141 063063 109109 
pop 
5 7 , 185185 108108 017017 029029 083083 048048 169169 148148 053053 105105 071071 045045 047047 027024 025024 181181 047047 114114 115115 084084 057057 099100 150150 014014 088088 145145 187187 171171 038038 189189 054054 005005 176176 071072 181181 193193 054054 084087 105109 194194 081081 182182 096095 126126 027027 015015 176176 096095 079079 063063 188187 002002 130130 076076 092092 004004 056056 171170 079079 001001 053053 134134 055055 004004 194194 004005 002002 155155 145145 159159 160160 031031 162162 012012 018018 081082 080080 186186 181181 198198 074074 192192 173173 185185 103103 048048 113113 062062 088088 151151 098098 173175 185185 103103 078078 190190 097097 144140 060060 110110 
pop 
5 8 , 185185 108108 013013 033031 084084 052052 169169 149149 053054 105105 072072 047045 046047 027027 023023 182182 047044 115115 114114 084084 059058 096096 150151 014014 088088 149149 187187 171171 037037 196188 052052 003005 176175 071071 176181 194194 055056 087087 105105 190190 077077 182182 097097 127127 027027 015015 176176 097097 080080 064064 185188 004004 131131 076078 092092 004004 056057 171171 079078 001004 060060 139135 053049 006006 195195 005005 005006 155155 147147 164162 161161 029029 161161 010010 018018 081081 080080 184186 184189 198198 074074 189189 179171 187187 108103 049050 111111 062062 088088 150150 098098 174174 181181 104103 075076 190190 096096 141141 060066 112112 
pop 
5 9 , 185186 108108 017017 027027 082082 052052 169169 142142 054053 104105 072072 047047 047047 023027 026026 182182 047047 116116 115114 085085 060059 101101 150150 015015 088088 144145 188187 171171 037037 188188 052052 002004 176176 071071 181181 193193 054054 084085 108108 190190 076076 183183 096096 127127 029028 015015 178176 095095 079079 063063 185185 004004 131131 076076 092092 002002 055055 169169 079079 004004 059059 135135 048049 004004 194194 005005 002002 155155 146146 162159 163163 029029 162162 007007 032032 081082 081081 181181 189189 197197 074074 189189 174174 185186 103103 048048 113113 062062 091091 150150 098098 174174 173173 105104 078078 190190 093092 144144 063063 110109 
pop 
5 10 , 185185 108108 012012 029029 082082 052053 169169 145145 055055 105105 071071 047049 047047 023023 025025 182182 047047 114114 114114 085085 059059 099099 150150 014014 088088 148148 186186 171171 037037 188188 052052 004004 176176 071070 181181 197197 054054 084087 100100 194194 074074 182183 097097 127127 028028 014014 176176 097094 080080 064064 188188 002002 131131 078078 095095 003003 057055 169169 080080 007007 054054 137135 050050 003003 195195 004004 002002 155155 145146 164164 166160 031031 161161 006006 024024 081081 080080 182182 189189 192192 070070 189189 173173 187186 108105 050050 114114 062062 091091 150150 098097 175175 186186 106106 078078 190190 097097 141141 065065 108108 
pop 
5 11 , 185185 107107 013013 028028 081081 052052 167167 145145 055055 104104 071071 047048 047047 025025 023023 182182 046048 116117 114114 085085 059059 100096 150150 014015 088088 145145 191191 172169 036036 196196 052052 002002 177177 072072 180180 194193 054056 087087 108108 194194 076078 182182 098098 126126 029029 015015 176176 094094 080080 064064 187187 004004 131131 075075 092092 004004 055055 171171 080080 004004 060060 139139 050049 002002 194194 003003 001001 155155 146145 162162 160160 031031 162161 006006 032018 082082 080080 184186 181181 199199 070070 189189 171171 188186 105106 048048 113113 062062 090090 152152 115115 172172 183183 103103 081081 192192 097097 144140 063063 110110 
pop 
5 12 , 186186 109109 013013 030030 084084 052052 169169 149149 055055 105105 070070 047047 047047 024024 024024 182182 049049 114116 119119 087087 059059 097097 148150 014014 088088 145145 192187 171171 037037 190190 052052 004004 176176 070070 181180 194194 056056 084084 110110 193193 075077 182182 099099 129129 028028 014014 176176 094094 080080 065065 187187 003003 131131 075075 092092 004004 055055 171171 079079 004004 060060 135135 050050 002002 194194 003003 002002 152152 147147 162162 162162 030030 161161 010010 034032 082082 080080 186186 184189 198198 074074 190191 171171 185185 106106 048048 113113 062062 088091 151152 098098 175175 177175 103103 078078 190190 097097 141141 060060 109109 
pop 
5 13 , 186186 109109 017016 030033 084084 052052 169169 149149 055055 104105 071068 047047 047046 027027 023026 182182 047047 114114 116116 085085 059059 099099 150150 014014 088088 145145 192192 171171 037037 188188 052052 002002 176176 072072 180181 194194 056056 084084 108109 193193 077076 182182 099099 127127 028028 015015 176176 094096 080081 066066 185185 003003 131131 075075 089089 001001 055055 169169 079079 003003 059054 137137 049049 004004 185194 004003 002002 156156 145145 162162 158158 031031 161161 006007 025025 081082 080080 182186 183183 199199 074074 191191 171171 186187 105105 048048 113113 062062 091091 150150 098098 173173 185185 105103 078078 191189 095095 140140 060060 110110 
pop 
5 14 , 184184 107107 016016 028033 083083 054054 169169 149149 055055 104104 071071 047047 047047 024024 023023 181181 049048 116116 116116 085085 061058 100100 145145 014014 088088 145145 194194 171171 037037 196196 052052 007007 176176 071071 176176 194194 054053 086086 108108 195195 078078 182182 095095 124124 028028 019015 178176 097097 080080 064064 187187 004004 131131 075075 092092 002002 056056 169169 078078 004004 056056 139139 049049 003003 185185 005005 002002 152152 147146 162162 160160 030030 162162 010010 034034 081081 080080 186182 184184 199199 074074 188188 171171 187187 108108 048048 113113 062062 091091 150150 110110 172173 173173 103106 078078 192189 097097 144144 062062 109109 
pop 
6 5 , 186186 106106 012014 032032 084083 052052 166169 148148 054054 105105 069069 048048 049049 024024 023025 182182 046046 115115 119117 085085 059058 099099 151150 014014 088089 148148 191191 173173 037037 188188 056056 006005 176176 072072 181181 193195 055054 084084 108108 194190 078078 184184 097097 127125 027027 015015 176176 097097 079079 063063 188188 001004 131131 078078 096092 002003 057057 170170 080080 002002 060060 135135 049049 003003 186186 004004 002002 155152 146146 162162 166166 029029 159159 007007 032032 082081 080080 186186 181184 199199 074074 189189 172172 185185 106105 048048 113113 062064 091091 150150 095095 172174 177177 103105 081081 192192 095095 144140 063063 108108 
pop 
6 6 , 186186 105105 017013 032032 083083 053053 166166 148148 054054 105105 069071 045047 048048 027027 025025 182182 051051 115115 119119 087087 058058 097097 150151 014014 088088 148148 192192 171171 036036 188188 054054 005004 175175 072072 181181 193193 054054 085086 108108 194194 077077 182182 099099 124124 028027 018018 168176 094097 079079 063066 187187 002002 131131 076076 096096 004004 057057 171171 080080 004004 060060 139139 050050 006006 195195 004004 002002 155155 146146 162162 161161 031031 162162 009007 034034 082082 079079 185185 183183 198198 074074 187187 171171 185185 106106 057057 114111 062062 091091 149149 098098 174174 182182 103103 077077 190190 097097 144144 063063 109113 
pop 
6 7 , 186186 109109 017017 029029 083084 053053 166166 148148 054054 105105 067067 045045 047047 025025 025025 182182 047047 116116 116115 085085 058058 099099 148148 014014 088088 148148 187187 171171 038038 188188 052052 005005 175175 072071 181181 195193 057055 087087 107109 194194 077077 182182 099099 124124 028028 019019 168168 097097 080080 063063 187187 003003 131131 078075 092092 001001 057057 171171 079079 004004 058058 139134 049054 006006 194186 004004 002002 155155 147147 164164 159159 029029 162162 007007 032032 082082 080080 186186 183183 199198 074074 189189 174174 185185 108108 049049 116116 062062 091091 152152 098114 173173 185185 103103 077078 190189 095097 144144 063063 110110 
pop 
6 8 , 186186 109109 013013 033033 083083 052052 166166 148148 055055 105105 067067 048045 050050 024024 026026 182182 049049 114114 119114 085084 059059 099099 151151 014014 088088 148148 187187 173173 037037 186186 054052 005005 175175 070070 176176 194194 054054 086086 105105 193190 079079 182182 094094 127127 027028 014014 168176 096096 079080 066066 187187 004004 131131 078078 092092 002002 057057 169171 080080 004004 052060 141141 049049 006006 186185 003003 002002 155155 146146 161161 161161 029029 161161 007007 032032 082082 080080 186186 189181 199199 077077 189189 171171 185185 104104 052052 111111 062062 091091 154154 097097 174174 182182 105105 075075 190190 097097 140140 066060 108108 
pop 
6 9 , 186186 106106 013013 034033 083083 052052 166166 148148 053053 105105 072072 047045 047047 025025 023023 182181 049049 115115 114115 084084 059059 101099 151151 015015 088088 145145 187187 169169 037037 189189 054054 005005 177177 070070 176181 194194 055056 087087 109107 194190 077077 182182 094094 125125 027027 014014 177177 097097 079079 064064 187187 003003 131131 076076 094094 001001 057055 171171 079079 002002 060056 135135 049049 006006 192192 004004 003002 155161 146146 162162 162162 029029 162162 007007 018018 082082 080080 186186 181181 199199 074074 189189 174174 190190 103103 052052 113113 062062 090094 152149 097097 172172 173173 103103 078078 190190 095095 144144 066066 112107 
pop 
6 10 , 185185 106109 016016 029028 083083 048052 166166 145148 055055 104105 069069 047047 050050 026024 023025 181181 049047 114114 115119 085085 059059 099099 145145 013013 090090 150150 186186 171171 037037 196188 052052 005003 175175 072070 181181 197197 055055 087087 108108 190194 077077 182182 094094 125125 028028 015015 176176 097095 080080 066066 187188 004004 131131 071071 095095 001001 057057 169171 079079 001001 060060 135141 049049 006006 195195 004004 002002 152153 146146 161161 157161 031031 162162 006006 034033 081081 080080 182182 182189 199200 074074 192192 175175 186186 106106 055055 114114 065064 091091 150150 108108 174174 175185 103103 078078 190190 097097 142142 063063 108108 
pop 
6 11 , 185185 107107 013013 031030 084084 052052 169169 145145 054054 105105 067067 048048 047047 026026 025025 182182 049049 114114 115114 085085 057058 099100 151152 014014 090088 145145 191191 171171 037037 188188 052052 002002 175175 070070 181178 193193 056056 085085 108106 193190 077077 182182 100100 127125 028028 018018 176176 097098 079079 064064 188188 004004 131131 074074 092092 001001 055055 171171 080080 003004 052052 139139 049049 006006 195195 006006 002002 155155 146146 162162 161161 031031 159161 010010 032032 081081 080080 186186 181181 199199 075075 189189 171171 186186 103103 052052 113113 065065 090090 152152 098098 175175 175175 103103 077077 185185 092092 140140 060060 108108 
pop 
6 12 , 186186 106106 016017 027027 083082 052052 169169 149149 054048 105105 072072 047047 047047 024024 026023 182182 047047 116116 117117 087085 058058 099099 145152 014014 088088 148148 191191 173173 038038 190190 054054 002002 176177 070070 178178 194196 055056 085085 108108 190190 081081 182182 097094 125126 029029 014014 168168 097097 081078 065065 187187 003003 131131 078078 092092 003001 057057 169169 078078 002002 053060 137137 054054 003003 194194 006006 002002 152152 147147 162162 159162 031031 161162 010010 024024 081081 080080 186186 185185 198198 074074 192192 174174 186186 105105 049049 113113 064064 088088 150150 098098 174174 173173 104104 081081 190190 098098 142142 060060 113113 
pop 
6 13 , 186186 106106 016016 030030 084084 048053 169169 147147 048048 105105 071071 047047 045045 026026 023023 182182 049049 115115 117117 085085 057057 100100 150151 014014 092092 148148 192191 171171 036037 188188 053053 007005 177177 071071 180180 196196 055055 087087 105108 194194 079079 182182 099099 126126 028028 015015 168168 096096 078079 064064 187187 004004 132132 074074 092092 002002 057055 169169 078078 004004 059059 139139 050050 002002 194194 004004 002002 155155 147147 162162 163157 031031 162162 006006 032032 081081 080080 182182 183183 199199 074074 189189 174174 187187 106106 050050 113113 061061 091091 150150 097097 175175 175175 105105 078078 191189 095095 141141 060060 113113 
pop 
6 14 , 186186 108108 013013 029029 084084 054054 169169 147147 054054 104104 071071 047047 047047 027024 023026 182182 049049 115115 115117 088088 061061 100100 152152 014014 088088 145145 187187 173173 037037 188188 056056 005005 177177 071071 181181 193193 056056 085085 111106 194194 078075 182182 097097 124125 029028 019019 176177 094094 081081 064064 186187 003003 131131 074075 095095 001001 057057 169169 080080 001004 059059 134134 048048 003003 185185 004004 002002 155155 147147 161161 160160 031032 159159 006006 024024 081081 080080 183183 181181 198199 074074 195195 174174 186186 106106 048048 113113 062062 094094 152152 097097 173175 175175 103103 078078 189189 097097 144144 063063 109109 
pop 
7 5 , 185185 109109 012012 027027 084084 052052 169169 148148 053053 105105 067067 045045 047047 027027 025025 182182 045045 117117 119117 085085 061061 100100 150150 013013 088087 149149 191191 171171 037037 189189 056056 005005 175176 072072 181181 193193 055055 085085 108108 190190 078078 182182 099099 127127 028031 014014 180166 094094 080080 063063 185185 004004 131131 075077 094094 003003 057057 169169 070070 002002 053053 134134 050049 004004 194194 004004 003002 155155 146146 162164 159166 031031 159159 010010 032032 082082 078078 184184 182181 197197 074074 189189 173171 186186 108108 050053 111111 062062 090090 150150 098098 172172 173173 103103 076081 190190 097097 144144 066066 112112 
pop 
7 6 , 186186 109109 013013 031031 084084 053053 169171 142142 053053 105105 070070 045045 045045 025025 026026 182182 049049 116116 117117 085085 058058 100100 152152 013013 091091 149149 187189 171171 037037 188188 054052 005005 175175 072072 180181 194194 056056 085085 108108 190190 078078 182182 102102 125125 028028 014014 168168 094094 080080 063063 186186 002002 130130 075075 094094 004004 057057 171171 078078 007007 060060 139139 052052 006004 195195 006006 002002 155155 145145 164162 166166 031031 159161 006006 032032 081081 080080 186186 184184 196196 074074 187189 170174 187186 108108 050050 114114 062062 090090 151151 098098 174174 175175 105103 075075 190190 097097 140140 066066 108113 
pop 
7 7 , 185186 106106 018015 027027 083083 051051 169169 148148 053053 104104 070070 045045 047047 027024 024024 182182 049047 108108 119115 087087 058058 100100 150150 014014 092092 148148 192192 171171 037038 189189 052052 005005 177177 071072 181181 195195 057057 086086 108100 193193 077074 183182 097099 126126 028028 014014 168168 094097 079079 063063 188188 003003 131131 076076 094094 003003 055055 171171 080080 004004 060060 134134 050050 003003 184184 004004 002002 155155 146146 162162 161161 029031 162162 007007 032032 081081 080080 186186 181181 199199 074074 189189 174174 185185 108108 048048 113113 062062 091090 152152 099098 174173 181181 103103 081081 189189 095095 140140 063063 108108 
pop 
7 8 , 186186 109109 015015 027027 083083 053053 169169 148149 053053 105105 070069 046046 047047 027027 026026 182182 046046 116116 115119 084084 059059 100100 152152 013013 092092 148148 187187 173173 037037 189189 052052 005005 176176 072071 180180 198198 055053 087085 107107 194194 081081 182182 097097 126126 027027 015015 168168 094095 080079 065065 186186 004004 130130 073073 092092 004004 055055 171171 080080 004006 052052 134134 052052 006006 186194 002002 002002 155155 145145 161161 161161 029029 161161 006006 035035 082082 080080 183186 183189 199199 073073 189189 169169 185185 108108 050050 111111 062062 091091 149149 098098 174174 173173 103106 075077 191191 097097 144144 060060 112112 
pop 
7 9 , 186186 107107 018018 027027 083083 053053 169169 142142 055053 105105 070070 045045 047047 024024 023023 182182 047047 115115 119119 085085 058058 096096 150152 011011 090091 148148 187187 171171 037037 188188 052052 005005 176176 072071 180180 192194 055056 084084 107107 194194 081081 184184 097097 127127 028028 015015 176176 095097 081079 065065 186186 003003 131131 076076 092094 004002 055055 171171 079080 006006 059059 139134 048048 003003 194185 006006 002002 155156 147146 164164 163163 029029 159159 007007 024024 081081 078078 187187 184184 199197 073073 189189 174174 187187 106106 050050 115115 062062 089089 149149 108108 175175 173173 103103 081078 189189 097097 144144 060066 112112 
pop 
7 10 , 186186 109109 017012 027027 083083 052052 169169 149149 055055 104105 069069 045045 046046 024024 025025 182182 050050 116116 114114 085086 058058 099100 150150 014014 091088 149149 191191 173173 037037 189189 052052 005005 176176 071071 181181 194194 056056 087087 105106 194194 074074 180180 097097 126126 028028 015015 169169 097097 079079 063063 186188 003003 131131 076076 092092 004004 057057 169169 080080 003003 060060 134134 048048 003004 185185 004004 002002 155155 145145 162162 166166 035035 162162 006006 033033 082082 078078 181181 189189 199199 074074 192192 173173 187187 105105 052052 113113 062062 091091 150150 098098 175175 185185 103103 081081 190190 092092 141141 060063 112109 
pop 
7 11 , 186186 108107 013013 031031 081081 053053 169167 148148 055054 105105 070070 047047 047050 027027 025025 182182 051051 108114 119119 085085 057057 096096 150150 013013 091091 145145 187187 171171 037037 186186 052052 006002 176176 070070 181181 193193 055055 085087 104108 194194 077077 184182 099099 125127 028028 013013 176168 094094 080080 064064 188188 003003 131131 075075 092092 002002 057057 171171 080080 003003 060060 139139 050050 002002 186186 004004 002002 155152 146147 161161 161161 031031 162162 006006 033033 084084 080080 181181 189181 199199 074074 192192 174169 188185 108103 048052 114114 064064 091091 152150 114114 175175 175175 103103 081081 190190 092092 141144 063063 108108 
pop 
7 12 , 186186 106106 017017 027027 084083 054054 169169 149149 055055 104104 069069 047047 047047 026027 026026 182182 049049 116115 115115 088086 059059 097097 150150 014013 091091 150150 191191 171171 038038 186186 052052 005005 176176 072072 180181 192192 056056 087087 108108 194194 081081 183183 097097 126126 028028 015019 176176 095095 080079 065065 185185 004004 131131 078078 092092 001002 057057 171171 079079 003003 053053 137134 049049 004004 194194 006006 002002 160160 146146 164164 166166 030030 161161 007006 032032 082080 080080 186184 181189 199199 073074 192188 175175 186185 105105 048048 113113 062062 094094 151152 114114 175175 173177 103103 081081 190190 095095 140140 063063 110110 
pop 
7 13 , 184184 109109 017013 027027 083083 053053 169169 145145 055055 105105 070070 047047 046046 026026 023023 182182 049049 116116 115115 088088 061061 097097 152152 014014 092092 145145 188188 171171 038038 189188 056056 002002 176176 072071 181181 196196 055056 087087 108108 194194 076077 182182 097097 126126 028029 019019 169169 095095 080080 064064 185185 004004 131131 078078 094094 001001 054054 171171 080080 003003 052052 134134 053048 002002 194194 004004 002002 155155 147146 162162 163163 032032 161162 010006 025025 082081 080080 186187 181181 199199 074074 189189 176176 187187 105105 048048 113113 062062 094091 150150 097097 175175 173177 103103 078078 190190 095095 142142 063063 110110 
pop 
7 14 , 184184 108108 017017 033033 083083 052052 169169 148148 054054 105105 068068 047047 047047 027027 022022 182182 050050 115115 117117 085085 058058 100100 150150 014014 088088 148144 187191 169169 037037 196190 056056 006006 175175 072072 181181 194194 056054 087087 100100 193190 074074 182182 099099 126126 028029 015015 176168 094094 080079 066066 185185 004004 131131 075075 092092 003003 055055 169169 079080 001001 052052 134134 053053 002002 185185 006006 002002 155155 146146 162164 160160 030030 161161 006006 024024 084084 080080 184183 184184 199195 076076 189189 176176 187187 103105 052052 113113 065062 091091 152152 097097 175175 178178 103103 077077 191191 093093 140140 066066 109109 
pop 
8 5 , 185185 105105 018018 029029 081081 053053 169169 148148 056055 104104 070070 048048 048048 027027 025025 182182 049049 115116 119119 087087 058058 099099 151151 013013 091091 150150 187191 171171 036036 189189 052052 005005 175175 071071 178178 194194 055055 085085 100105 195195 077077 182182 097097 126126 028027 015015 180167 097097 083083 063063 187187 004003 131131 072072 092092 001001 055055 170170 080079 002002 054054 134134 055055 006006 194194 004004 002002 155155 146146 162162 163163 035035 159159 011011 032032 082082 081081 186186 181182 197197 077077 188188 173173 186186 108108 048057 113113 062062 091091 150150 099099 173173 177185 103103 076076 185190 096097 144144 065065 113113 
pop 
8 6 , 185184 109109 013013 029029 081081 053052 167169 145145 055055 105105 068068 047047 047045 025024 027027 182182 045049 115115 114114 087087 058058 099099 150150 014014 088088 148148 192192 171171 038038 188187 054054 005005 176176 070070 177177 194194 056056 084084 108108 195195 077077 182182 097097 125127 028028 014014 180180 095095 079079 065065 185185 001001 131131 076076 092092 003004 055055 169169 080080 002002 060060 141141 049049 006006 194194 003003 003003 155155 147147 161162 161164 031031 161161 008008 034034 081081 080080 186186 181189 199199 074074 187187 173173 186187 108108 048048 114114 064064 091091 150150 098098 172174 175175 105105 076076 185185 093093 144144 065069 110110 
pop 
8 7 , 185185 106106 018018 031031 084081 048048 167167 148148 055055 104104 070070 047048 048048 027027 026026 182182 051051 108108 115115 085085 058058 100100 150150 014013 091091 145145 187187 171171 038038 189188 051051 005005 176176 070070 178178 194194 056056 086086 100100 194194 075075 182182 102097 126126 027028 014014 167167 094094 080080 065065 187187 001001 131131 074074 092092 003003 057057 169171 079079 004004 054054 141141 049049 005005 194184 004004 002002 152152 147146 162162 159159 031031 162159 006007 032032 082081 080080 184184 181181 197199 074074 188188 174174 185185 103105 050050 113113 062062 091090 150150 098098 172174 172172 104104 077077 189189 097097 140140 060060 110110 
pop 
8 8 , 184186 108108 017019 027027 082082 053053 169169 144144 056056 105104 070068 047047 047047 025025 026026 182182 045049 115115 115115 085085 058058 099099 150150 013014 091091 148148 192187 169169 037037 188189 054054 006006 175175 070070 181181 194194 055055 085087 108108 194194 078078 183183 097099 126126 028028 015015 176176 097097 083083 064064 185185 003003 139139 077077 092092 003003 055055 169169 080080 004004 056052 134134 054050 005005 184184 004004 002003 152152 146146 161161 160161 031031 159159 006010 034025 081081 080080 186186 184184 200200 074074 188189 173173 185185 104104 050050 113113 062062 091091 150150 099099 175175 172172 103105 078078 190190 096096 140140 065060 111111 
pop 
8 9 , 186186 106106 018017 030030 081081 052052 169169 148142 053053 105105 067067 047047 048048 025027 027027 182182 047047 115115 115115 085086 058058 096100 152152 013013 091091 145145 192192 171171 038038 188186 054054 005005 176176 071070 180180 192192 056056 083084 105105 194194 077081 184184 099099 126126 028028 015015 168168 097097 079079 066066 187187 004004 137132 080080 094094 003003 055055 169169 079079 004004 060060 139139 050050 006006 194194 004004 002002 161164 146146 159159 163163 029029 159159 007007 033033 081081 080080 186186 184184 199200 073073 192192 171171 185185 105105 052052 113113 064064 090090 150150 114114 174174 173173 103105 078078 190192 095095 140140 065065 110112 
pop 
8 10 , 184184 108109 017017 029029 083083 052053 169169 149149 055055 105105 072072 045045 050050 027027 026026 182182 051051 116115 115115 085085 061058 096096 150150 014014 092092 148149 192192 171171 037037 186190 055055 005005 176176 072072 181181 194192 055055 084085 108108 195195 077077 183184 097097 126126 029029 015015 177177 097097 079079 064064 187187 004004 131131 078078 092092 006006 057057 169169 080080 001001 056056 134134 049051 006006 195195 004004 002002 155155 146146 163163 166166 031030 162161 007007 035035 081081 080080 184181 185184 200200 077077 192192 175175 185185 105105 050050 113113 065065 091091 152152 097097 175175 178178 105105 078078 190190 097097 140140 068068 110110 
pop 
8 11 , 186186 106106 017017 034034 084084 053053 169169 148148 055055 105105 072072 048048 050046 028026 025025 182182 049044 114115 114119 087088 057057 100100 150151 011013 091091 148148 188188 169169 037037 188188 052052 006006 175175 071071 181181 194194 054054 085085 108108 194194 077077 182182 102094 127127 028029 019019 167167 097097 080080 064064 187187 004004 131131 074075 093093 006006 057057 169169 079079 006006 053056 134134 049048 006006 194194 004004 002002 155155 145145 162162 159163 030030 162162 007010 032032 081081 080080 183183 185185 192192 075075 189189 175175 188186 105105 050050 115114 062062 090091 150150 114114 175175 173173 105105 077077 185190 092092 140140 066066 110110 
pop 
8 12 , 186186 109106 017017 033029 084082 053053 169169 145145 054055 105105 069069 047047 047047 026026 026026 182182 051051 115115 115115 087087 056056 096097 150150 014014 092092 150150 189189 169170 037037 190190 054053 002002 175175 071070 178178 197197 056056 085085 108108 194194 077077 183183 099099 126126 027027 014014 167167 097097 079079 064064 187187 004004 131131 078078 092100 004004 055055 171171 080080 003003 056052 134134 049049 004004 194194 003003 002002 155152 146146 162162 166166 030030 159161 006006 032024 082082 081081 186180 181181 197197 074074 188190 175175 187187 105105 052052 113113 062063 091094 150150 114114 173173 178178 104103 078078 191191 092092 141140 068068 113110 
pop 
8 13 , 186184 107107 016016 030030 084084 053052 171169 148148 054054 105105 070072 047047 045045 024024 026026 182182 049049 115115 115115 084084 061061 100100 152150 014014 092092 150148 192192 169169 038038 188188 053053 006006 176176 071071 177177 193193 054054 087087 108108 194194 077077 184184 095095 127127 027027 015015 168168 096096 080080 064064 187187 002002 131131 078078 100100 003003 055055 171171 080080 004004 054054 134134 051051 002004 194194 004004 002002 152152 146146 162162 158164 031031 159159 006006 024033 081081 080080 186186 189189 199199 074074 190190 175175 187187 105105 052052 113113 062062 091091 150150 114114 174174 173173 103103 075075 191191 097097 140144 060060 113113 
pop 
8 14 , 186186 111107 016016 027029 082083 052052 166166 148148 055055 104104 068068 048047 047047 024024 022022 182182 049050 115115 115115 084084 058058 097096 151145 014014 091091 148148 187187 169171 037037 186186 053053 004006 176176 070070 177181 194197 055055 087087 108108 190190 078078 182182 095095 126126 029028 019019 176176 094094 083079 064064 185185 003003 131131 075075 092092 003003 057055 171171 080080 003003 060060 134134 051051 004004 194194 005006 002002 152152 146146 162162 160160 030031 162162 010010 025025 084084 080080 186186 185185 195195 074074 195195 171171 187187 105105 052052 114114 065065 090090 150150 099098 175175 177177 103103 076076 190190 093093 141141 066066 109109 
pop 
9 5 , 185185 106106 018018 029029 084084 052052 169169 148148 054054 105105 069072 047050 046046 026026 023023 182182 046046 116116 115115 085085 058058 099099 151151 014014 092089 149148 191191 169169 038038 188188 052052 003003 175175 072072 178178 194194 055055 086086 108108 193193 078078 184184 099099 125125 027031 015015 166166 097097 079079 065065 185185 003003 133133 077077 093092 006006 055055 169169 078078 004004 052053 134134 055055 005005 182194 004004 002002 154155 144144 163162 160160 031031 162162 010010 031031 081081 081081 186186 181181 199199 074074 195195 175175 186186 104104 053053 113111 064064 094091 150150 098114 174174 178178 103104 076081 192192 095095 144144 065068 110110 
pop 
9 6 , 185185 108108 014014 031033 081081 052052 166166 147147 055055 104104 068068 046046 045049 025025 026026 182182 045045 115115 114114 087087 058058 099099 151151 014014 092092 148148 189189 170170 038038 188188 054054 005005 175175 071071 180180 194194 054054 086086 108108 194194 078078 182182 098098 125125 031031 014014 176176 095094 080079 066066 188187 003003 130130 076076 093091 003003 055055 170170 080080 004004 053053 140140 049049 005005 194194 004004 003003 161161 144144 162159 159159 031031 161161 011011 034034 082082 080080 186186 181181 199199 075075 187187 171171 188188 104106 051051 115115 062062 091090 150150 098098 174174 172172 106106 076075 190190 093093 141144 063063 109113 
pop 
9 7 , 185185 109109 018018 030030 081081 052052 169169 145145 048048 105105 068072 045045 049049 027027 026026 182182 049049 116116 114114 084087 058058 100100 151151 014014 092088 148148 192187 171171 038038 188188 052052 005005 175175 072072 180180 195195 057057 084084 109109 190194 075075 182182 097097 125125 028028 014014 168168 094094 079080 065065 187187 003003 137137 075075 091091 003003 055055 170170 079079 004004 053053 134134 049049 005005 194194 006004 002002 150150 146146 162162 158158 031031 162162 011010 033032 081081 080080 184184 183183 196196 074074 189189 175175 188185 106106 052054 113113 062062 090090 150150 099099 175175 173177 103103 076077 189189 095097 142142 063063 108108 
pop 
9 8 , 185185 107107 018018 029029 081081 052053 169169 149149 047054 105105 070070 046047 049046 025025 025025 182182 049049 115114 119119 085085 058058 096096 148148 014014 091092 148145 187187 171171 037037 188188 052052 006006 175175 072072 178178 193193 054056 086086 109108 194194 077077 182182 097097 125125 027027 015015 168176 095095 079079 066066 187187 004004 131131 078078 092092 003003 055055 171171 079079 004004 060060 134141 055050 005004 195195 002002 002002 161161 145145 162162 159159 029031 159162 009009 032032 081081 080080 184184 183183 199199 074074 189189 173171 186186 104104 054054 111111 064064 091091 150150 099099 175175 185185 103103 081081 185185 097097 144144 060060 111111 
pop 
9 9 , 184186 109109 018018 030030 083083 048048 169169 148148 055055 104104 069067 045045 047047 026026 022022 182182 049049 115115 119119 086086 060060 100100 152152 013013 088088 148148 187187 173173 037037 186186 052052 006006 175175 072072 181181 192192 054054 086086 108108 194190 076076 179179 094096 127127 029029 015015 176176 097097 083083 064064 187187 003003 132132 078078 093094 003003 055055 171171 078078 003003 052052 139139 051048 005005 194194 002002 002002 161161 147146 161161 158158 029029 162162 010010 033033 082082 080080 184184 184189 199199 073073 192192 175175 187187 106106 055055 113113 062062 091091 152150 098098 173175 173173 103103 078078 189189 093093 144144 060066 111111 
pop 
9 10 , 185185 109109 014014 029029 083083 052052 169169 145145 055048 104104 070070 045045 047047 025025 027027 182182 045045 114114 115115 086086 059059 096096 152152 013014 088088 148148 187187 171171 037037 188188 052052 005005 173175 072072 181181 197193 055055 084085 109109 194194 078078 180180 097097 126125 028028 018014 177176 097097 081081 066065 187187 002002 131131 076078 095095 003003 055055 169169 080079 002002 052052 139139 049049 003003 184184 004004 002002 152152 146146 161161 157157 031031 161162 011011 035035 082082 080080 183183 189189 199199 070070 192192 175175 188188 104106 050050 113113 062062 091091 150150 108110 175175 186172 105105 078078 190190 097097 141141 060060 108108 
pop 
9 11 , 185185 109107 014014 029029 084084 048052 167169 149149 055055 105105 070070 047047 047047 026026 026026 182182 046046 108108 115115 086085 058058 099099 152152 013013 088088 148148 192192 171171 038038 188188 052052 006006 176176 070072 181178 197197 057057 087087 104104 194190 077077 182182 102102 126126 028028 015015 168168 096096 079079 064064 188188 003003 131131 074078 093093 004003 055055 170170 080080 007007 053053 141141 052048 005005 194194 006006 002002 161161 145146 162162 157163 031031 162162 010009 032032 082082 080080 181181 189189 199199 074075 192190 174174 185185 105105 050050 113113 062062 090090 150150 110110 175175 177183 105105 081081 190190 097097 144144 064064 111111 
pop 
9 12 , 185185 108108 016016 029029 084084 048048 169169 149149 048048 105105 070070 047047 046046 024024 022022 182182 046047 115115 119119 085085 059060 097097 150150 014014 088088 148148 192191 173173 037037 186188 051051 006006 175176 070072 180180 193193 057057 087085 108108 194194 076077 183182 100094 126126 031031 014014 168168 097097 078078 065065 188188 003003 137137 078076 092092 003003 055055 171171 078078 001001 053053 134134 048048 005005 194194 004004 002002 152152 145146 162162 158158 029031 162162 008010 032032 081081 081080 184184 189189 192199 074074 188188 176176 187187 108105 049049 114114 062062 091091 149149 098110 175175 178178 105105 081081 192190 098098 144143 065065 112112 
pop 
9 13 , 185185 109109 017017 030030 083083 053053 169169 148148 054054 105105 071071 047047 046046 026026 025025 182182 045045 115115 115117 087087 061061 100100 152152 011011 088088 148148 187192 171171 037037 188188 053053 006006 176176 070070 180180 195195 056056 087087 105105 190190 077077 182182 098099 125126 028028 015015 176176 094094 081081 064064 187187 002002 131131 074074 094094 003003 055055 171171 079079 007007 057057 134134 049049 005005 185185 004004 002002 161161 146146 162162 158158 029029 160160 007007 024024 081081 080080 183183 185185 199199 074074 191189 171171 186187 105106 053053 111114 062062 091091 150150 098098 173173 185185 103101 075075 190191 093096 141141 062060 113113 
pop 
9 14 , 186186 108108 016016 029029 082083 048048 169169 149149 055055 105105 067067 047047 047047 024024 022022 181181 047051 115115 115115 084084 059059 099099 145145 014014 088088 148148 189189 172173 038038 188188 052052 006006 176176 071071 180180 194194 055055 084084 104104 190190 076077 184184 097101 127127 028028 018018 168180 094094 079079 064064 187187 002002 131131 080080 093093 003003 055055 171171 078079 001001 056056 134134 049052 005005 185185 003003 002002 161161 145145 162162 160160 031031 162162 007007 033025 081081 080080 184184 189189 199199 074074 192190 171171 185187 103103 052050 113113 065064 091090 150150 099099 173173 173173 103103 076076 191191 097097 140140 068068 113113 
pop 
10 5 , 185185 105105 017017 029029 083083 053053 171171 145145 053053 105104 067067 047048 047047 027027 025025 182182 047047 116116 117117 085085 058061 097097 152152 013013 090090 145145 191191 169171 037037 188188 054054 004004 176176 072072 180180 197197 057055 085085 108108 190190 078078 182182 097097 127125 028028 018018 180180 097097 079079 064064 187185 004004 127127 074074 092092 003003 057055 169169 080080 004004 054054 139139 050050 006005 194184 004004 003003 156156 147147 163163 163163 029030 162163 011011 032032 082082 080081 184184 185185 196196 074074 189188 171171 186186 106106 050050 113113 062062 090090 150150 098114 173173 185185 104104 076076 190190 095095 144144 060060 108108 
pop 
10 6 , 185185 105105 013013 033033 083083 052052 169171 148148 054054 104105 068067 045045 047047 027027 026026 182182 049049 116116 119119 087087 060060 099099 152152 014014 091091 149149 192192 171171 037037 188189 052052 004004 176176 072072 181176 194194 055055 085085 108108 190190 074077 182182 094094 126126 027027 014014 166166 097094 079079 066066 187187 003003 131130 077077 092092 003003 057057 169169 080080 004004 052052 141141 050050 006006 194185 004004 003003 152152 146146 159159 163161 029029 162162 009009 034031 081081 080079 183183 181181 197197 077074 189189 173173 186186 108108 051051 111111 062064 091091 150150 098098 175172 172172 103103 075075 191191 097097 144140 060060 111111 
pop 
10 7 , 185184 109109 016017 029029 080083 048051 169172 145145 055047 104104 066067 045045 048048 024024 025026 182182 049046 116116 119119 085085 060060 097097 151151 014014 092092 145145 187187 169171 038038 188188 054054 006006 175176 071072 180180 197197 054057 084084 108108 190190 076076 184180 097097 125125 028027 014014 166166 097097 079079 065065 185185 001001 132132 076076 093093 003003 055055 170170 080080 001001 060060 134134 049049 006005 194195 006006 002002 152152 147147 161161 160160 035035 159159 006006 031031 081081 077080 178178 182182 196196 077077 189189 173173 186186 108108 048051 114113 062062 090090 152150 114114 172172 172172 106106 077077 190190 097097 140140 060060 112108 
pop 
10 8 , 185185 107107 015017 027027 083083 052052 169169 148148 053053 107107 066070 046046 050050 023023 025023 182182 051051 114114 119114 085085 058059 100100 151151 013013 092092 148145 192192 171171 038037 196196 052052 005006 176176 072072 180180 194194 057054 086086 105105 194194 078078 182182 097097 125125 029029 014016 168168 097097 079079 066065 187187 003003 137137 082082 095094 003003 055055 169169 080080 001004 060060 134134 049049 005005 185185 003006 002002 152152 147147 162162 163163 029029 160160 012012 034034 081081 077077 183183 184184 192192 074074 189189 175173 186186 108108 054054 113113 062062 090090 150150 098098 174174 185185 104104 076076 190190 097097 142144 060060 111111 
pop 
10 9 , 185185 108107 018018 034034 085085 053053 167167 142142 053053 107107 067067 045045 047047 023023 022022 182182 046046 115116 117117 085085 059059 097097 151151 014014 090092 149149 192192 171171 037037 189189 052052 002002 176176 067067 181181 197197 056056 085085 108105 191191 077077 182182 096096 126127 028027 015015 176176 097097 079079 065065 186186 003003 131131 075076 092092 002002 055057 171171 080079 007007 060060 134134 052049 003003 195195 002002 002002 152152 145145 158158 161161 029029 159159 012012 032032 082082 080080 183178 182182 192192 073074 192189 173173 186186 108108 048048 113113 062062 091091 150150 108108 175175 177177 105105 077077 189192 097097 144144 063060 112112 
pop 
10 10 , 185185 106106 016017 027027 083083 052052 169169 145145 055055 105105 070070 045048 047047 027027 025025 182182 047047 114114 119119 084087 058061 100100 152152 014014 091091 148148 186186 173173 038038 196196 052052 003005 175175 067067 180180 197197 056056 087087 105105 190190 078078 182182 097097 125125 027027 014014 167177 097097 080080 066066 185185 004004 131131 075075 094094 004004 055055 169169 080080 002007 060060 139139 048048 003003 194194 004004 002002 152152 146145 158158 161166 031031 164162 010006 034034 081082 080078 184184 184184 199199 074071 189189 173173 185185 108108 055055 114114 062062 089089 150152 098098 175175 172172 104104 076078 189189 097097 144144 068068 112112 
pop 
10 11 , 185185 108108 018017 029029 085085 053053 169169 145145 047054 104104 067067 047047 048048 023026 022022 182182 045045 114114 117117 085085 058057 100100 152150 013013 088088 148148 187187 173173 037037 188188 052052 002002 176176 067072 177177 195195 055055 085085 108108 190190 077077 182182 097097 127127 029029 015014 168168 097097 080079 066066 188188 003003 131131 074074 092092 003003 057057 171169 080080 004004 052052 131131 049049 002006 195195 003003 002002 156156 146146 162162 160160 031029 164164 006006 032032 082081 080080 184184 185181 199199 074074 189189 171171 188188 103103 048048 113113 062062 091091 150150 098098 174175 175175 101106 081081 185185 097097 144144 064064 109109 
pop 
10 12 , 185185 109109 015015 034034 083083 052052 167169 145142 055055 104104 066072 045045 047047 026026 026026 182182 047049 116116 117117 085085 059059 096096 151151 014014 091091 149149 191192 171171 038038 196188 054054 002002 175175 072072 181181 197197 056054 085087 108108 194194 077077 182182 097097 126125 028028 015015 180180 097097 079079 066066 188188 004004 131131 075075 092092 003003 057057 169169 078078 004004 060056 134134 049049 004004 194194 004004 002002 152156 146146 162162 163163 030030 162162 010006 032032 082082 080080 183183 185185 192197 074074 189189 175175 185185 105103 049049 114114 062062 094094 149149 097097 175175 172172 104104 078078 189189 093093 144144 060060 113113 
pop 
10 13 , 185185 106106 016016 029029 083083 052052 169169 145145 055055 105105 071071 049049 045045 027027 025025 182182 049049 115115 117117 085085 059059 099099 151150 014014 092092 148148 192188 170170 037037 188188 053053 006006 175175 071072 178178 197193 055055 087085 108108 194194 077077 182182 097097 124124 027027 015015 168168 094094 079079 064064 187187 003003 131131 076076 092092 001001 055055 171171 080080 003003 060060 134139 049049 004004 194194 004004 002002 160160 146146 161158 163163 031035 160160 007012 024024 081082 081081 184184 182182 197197 074074 189189 171171 187187 105105 049049 115115 062062 091091 150150 114114 174174 173173 104104 078078 185185 096096 141140 060060 113113 
pop 
10 14 , 185185 106106 018019 027028 083083 052052 169169 148148 055055 105105 068068 047047 045045 026026 026026 181181 050050 115115 117117 085085 058058 100100 150145 014014 092088 148148 187187 171171 038036 189189 052053 005005 176176 072072 181181 194197 054056 087087 108108 194194 077077 184184 095095 124124 029028 014014 177177 094093 079081 065065 185188 004004 131131 077077 092092 001001 055055 169171 080080 007007 060060 134134 050050 004004 194194 005005 002002 151152 147147 161161 161161 031031 162162 006006 032032 081081 080080 183183 185185 197197 077077 188188 173173 185185 106106 052049 111111 065065 091091 150150 098098 174174 177177 104104 078078 190190 093093 141141 068068 113113 
pop 
11 5 , 184185 109109 017017 029029 084084 052053 171171 148148 055053 104104 072072 048048 047047 027027 023023 182182 043043 116114 116115 087087 057057 099099 150150 013013 088088 145145 187187 171171 037037 189189 054054 005005 175175 072070 178178 193198 051051 085085 107107 194194 080080 182184 098098 125126 031031 015014 168168 097097 079080 066066 185187 004004 131131 076076 091091 004004 057057 169169 079079 004004 053053 136136 052052 005005 194194 004004 001002 161161 147147 162164 160163 031035 159161 010010 029029 082082 078078 186186 181181 197197 077077 195195 173173 185185 106106 053048 111111 062062 091091 152152 099099 173173 181181 105105 078078 190190 093093 144144 065060 111111 
pop 
11 6 , 185185 108108 013013 033033 083083 053052 171171 148148 055055 104104 072070 045045 046046 025025 023023 182182 049049 116116 117117 085085 059059 100100 150150 014014 091091 148148 187187 170169 038038 188189 056055 005005 175175 071071 180181 197197 051051 085085 109109 190190 081081 179179 099099 127127 027027 014013 176176 097097 080080 066066 188188 003003 132132 076076 096092 003003 057057 169169 079079 004004 053053 139139 049049 005005 195195 004004 002002 161161 146146 159159 159159 031031 161161 007007 031031 081081 080080 178178 181181 199199 074074 195195 171171 186187 106106 057057 114114 064064 091091 152152 098098 175175 181181 103103 081081 190190 097097 144144 060060 113113 
pop 
11 7 , 184186 106106 017017 029029 081085 053052 166166 142142 048048 104104 072072 045045 045045 027027 024024 182182 050050 114114 115115 088087 059059 097097 151151 011011 088088 145145 186186 171171 037037 188188 052054 006006 177177 072071 176176 197197 053053 087087 107107 193193 080080 183182 097097 125125 027031 016016 176176 097097 079079 066066 186186 001001 131137 078078 093093 003003 055055 171171 078078 002002 053053 139139 050050 004004 185185 006004 002002 161161 145145 159159 163158 035035 159159 009007 024029 081081 080080 184184 181181 197197 074074 188190 171171 185185 108108 048048 114114 062062 091091 152152 098098 172173 185185 103103 081081 189189 097097 140140 060060 110110 
pop 
11 8 , 185185 107107 015015 031029 083083 051051 169169 142149 055055 105105 072072 047047 048048 027027 023023 182182 046046 114114 114114 084084 059059 100100 150150 013013 088088 148148 192192 173171 038038 188188 056056 005005 175175 071071 180180 193193 053053 087087 108108 194194 081081 182182 097097 126126 028028 014014 168168 097097 080080 064066 187187 004004 139130 074078 092092 006006 055055 169169 078078 006004 052057 134137 051051 006006 185185 004004 002002 152152 144144 159161 163163 031031 161159 010010 024024 082082 080080 183183 183183 199199 075075 189189 175175 186188 103103 048048 111111 062062 091091 150150 099099 175175 181181 103103 078078 191191 097097 140140 062060 108108 
pop 
11 9 , 184184 109106 017017 029029 083083 048048 169167 148148 053055 105105 069069 048048 048048 023023 023023 182182 050050 116116 115115 085085 059059 100100 151151 014014 091091 148148 192187 171171 038038 188188 052052 007007 175179 072072 176182 197197 055055 087087 105105 194194 077075 179179 097097 127125 028028 016016 168176 095095 079079 065065 186186 003003 131131 078078 092092 002002 057057 169169 080080 004004 060053 139139 051051 006006 185185 007007 002002 152155 146146 158158 158158 029029 163163 007007 034034 081081 078078 181181 187187 197200 073074 189189 174174 186186 105105 053053 114114 062062 091091 150150 098098 175175 185185 101101 079079 189189 097097 140140 060060 113113 
pop 
11 10 , 185185 109109 017017 027029 083083 053053 169169 149149 055055 105105 067068 045045 046046 024025 024023 182182 045043 115115 117117 086086 058058 097097 152152 014014 091091 148148 186187 171171 037037 189189 052052 005005 178175 070070 180180 194194 057057 087087 108108 194194 077077 182182 094094 126126 031031 014014 180180 096096 079079 066066 188188 003003 131131 076076 094094 003003 057057 171171 080080 001001 052052 139139 049049 003003 194194 004004 002002 152152 147147 161161 162159 031031 162162 012008 033033 084084 080080 182182 185185 199199 074070 190190 176174 186186 105105 054054 113113 063063 089091 150152 099099 175175 185181 103103 078078 189190 097097 141141 060060 108112 
pop 
11 11 , 185185 108108 017017 034034 082082 052052 169169 148148 053053 104104 068068 048048 047047 023023 026026 182182 049045 108115 115115 085085 058059 100100 145145 013013 088088 148148 187187 169169 037038 188188 052053 006006 175175 070070 182176 195195 055056 085085 109108 190194 077077 182182 098099 127127 029029 015015 180180 097097 080079 064064 185185 003002 131131 076075 095095 001001 057057 171171 080080 002002 053053 135135 049051 005005 194194 005004 002002 152152 146145 158158 160160 030031 161161 006006 024024 082081 080080 187187 181182 199199 075075 192192 171171 188188 105106 052052 113113 064064 094094 150150 110110 175175 177177 103103 081081 190185 097097 144144 064062 110113 
pop 
11 12 , 185185 106106 017016 032034 083083 052053 168168 149149 055055 105105 067067 047045 048048 024025 026026 184184 049049 114114 115115 085085 059058 100100 145152 011011 088088 148148 191191 169169 037037 196196 051051 007007 175175 072072 180180 194194 055055 087087 108108 194194 081081 182182 099099 127127 028028 015015 168168 097097 079079 065065 187187 004004 131131 079079 092092 004004 057057 169169 078078 004006 053053 140140 050050 003006 194194 005005 002002 152152 146146 159161 160160 031031 162159 008008 024024 081081 079079 181181 181181 199199 074074 188188 171171 185185 106106 050050 114114 062062 089089 152152 098098 175175 177177 103103 078078 190190 098098 144144 060060 112112 
pop 
11 13 , 185185 106106 019016 030030 081083 053053 168168 145145 055055 103103 072072 047047 046046 024024 026026 182182 045045 116116 116115 085085 058058 100100 151151 014014 092088 148148 187187 169169 037037 188188 053053 006006 177177 072072 180181 193193 056056 084087 108108 194194 077077 182182 099099 127127 028029 015015 176168 094097 080080 064066 188188 003003 131131 078078 099099 001001 055055 171171 070080 006006 053060 134134 048048 006006 194194 004004 002002 152152 146146 162162 163163 031031 162162 012009 024024 081081 079079 183178 183183 199199 074074 189189 173173 186188 105105 050050 111111 066066 091091 150150 099099 173173 173173 101101 077077 190190 097097 140140 062062 112112 
pop 
11 14 , 186186 106106 017017 029029 083083 053054 169169 145145 054054 104104 068068 046047 047047 025025 025025 181181 045045 115115 116116 084088 058058 099099 150150 013013 091091 148148 189189 171171 037037 188188 054054 006006 177177 071071 179179 193194 056057 087087 105105 194194 077077 182182 097097 125125 028028 015015 169169 094094 079079 066066 188188 004004 131131 079079 092095 003003 055055 169169 078078 002001 050050 132132 049049 005005 185185 004006 002002 152152 147147 162162 163163 031031 162162 010010 024024 081081 080080 183183 184184 199199 075075 188188 171171 186186 103103 052052 113113 062064 091091 149150 095095 173173 173173 103103 078078 190190 092097 144144 066066 110110 
pop 
12 5 , 185185 106106 017017 029029 081081 053053 169169 145145 053053 104104 064064 045045 046046 023023 026026 182182 042045 116116 114114 085085 059059 100100 150150 014014 088088 148148 192192 171171 037037 189189 053053 004004 175175 072072 180180 197197 055054 087085 109109 194194 077077 182182 098098 126126 027027 014014 177166 097097 080080 066066 185185 001001 130130 074074 092092 004004 057055 171171 080080 004007 060060 139139 049049 006006 182182 004004 002002 161161 147146 162162 160160 035029 159159 010009 031031 081082 080080 186186 185185 192192 074077 187187 171171 189189 108108 052052 114114 062062 090090 152151 099099 173175 181181 106106 078078 185185 097097 144144 065066 113113 
pop 
12 6 , 184184 108108 017017 033033 083083 052052 169169 145142 055055 104104 072072 049045 047046 023023 023023 182182 047047 114114 114114 086086 059059 099099 148151 014014 089089 149149 186186 170170 037037 189189 052052 006006 176176 072072 180181 197194 055055 087086 108109 194194 075075 182182 102094 125125 027027 013013 166166 097097 080079 064064 185187 003003 131130 077077 096096 004004 055055 169169 080080 001001 057057 141141 049049 006004 195195 006006 002002 156156 146146 162161 159159 029029 159159 012012 031031 082082 080080 181186 182182 192192 077076 189189 173173 186186 105105 053052 113113 062062 090090 151151 098098 175175 181181 106106 076076 190190 096096 140140 068068 109109 
pop 
12 7 , 185185 108109 016017 030030 085085 048048 169169 145145 048048 104104 066072 047047 047047 024027 026026 181182 045045 114114 114114 085085 059059 100100 150150 014014 088092 149149 186186 171171 038038 188188 053053 005005 176176 071071 181181 194197 055055 087085 109109 194194 075075 182182 102102 125125 027028 015015 176176 097097 083083 066066 187187 001001 137137 078078 092092 003004 055055 171171 078078 007007 057057 134134 050050 004004 192185 004004 003003 156150 146146 162162 161161 029029 162159 008008 032031 082082 080080 182182 184184 199199 074074 189189 175175 186186 103103 052052 114114 062062 090090 151151 095095 175173 173173 106106 081081 190190 097097 141141 060066 108108 
pop 
12 8 , 184184 109109 017017 030030 081081 051053 166172 148142 046046 104104 068070 048048 050050 024024 026026 182182 043050 114114 115115 086086 059059 100096 150150 013013 088092 148148 191191 171171 037037 189189 052052 004004 173173 071071 180180 197197 054055 084084 109108 194194 077075 184184 098098 126126 028028 014014 180180 094094 080080 065065 187187 003003 139139 074074 092092 001003 055055 171171 080080 004004 052052 139139 050050 005005 185185 005005 002002 156156 144144 161161 163158 035035 162162 010006 031031 082082 080080 186186 185185 192192 074074 189189 175175 186186 105105 057057 113113 062062 091091 150150 098098 173174 173173 101106 076076 190190 093097 144144 060060 113113 
pop 
12 9 , 186186 107109 017017 030030 085085 052052 169169 144144 046046 105105 070070 045045 046046 024024 026026 182182 050050 115115 117115 085085 058058 097097 152152 014014 092092 148148 185185 171171 037037 188188 056052 007007 175175 071072 177177 197197 051051 085085 105105 190190 075075 182182 097097 127127 029028 015015 168168 094094 079079 066066 185186 003003 137137 078078 092092 004003 055055 171171 080080 007007 057060 140140 049050 003005 195195 004004 003003 156156 147147 159159 158163 031031 162162 009008 034034 084084 080080 181181 182182 197199 074074 189189 171171 187187 105105 053053 113114 064064 089089 150150 095095 175175 175175 101101 078079 189189 095095 144144 060060 108108 
pop 
12 10 , 184185 108108 017017 027027 083083 048048 169169 149149 055046 104104 070070 049049 046046 024024 023023 182182 045045 115115 115115 086086 058058 099099 150150 014013 092092 148148 191191 172172 037037 196196 052052 005007 175175 072072 181181 197197 051051 087087 107107 194194 077077 180180 097097 126126 027031 015015 180180 096096 079079 065065 187187 003003 131131 078078 092092 002002 057057 171171 080080 007007 057057 139140 049049 006006 185185 004004 002002 152152 146146 161161 160160 035035 162162 008008 033033 082082 080081 182182 183183 192199 074074 189189 175175 187187 106106 057057 116116 066066 091091 152152 099098 174174 173173 105105 079079 190190 097097 141141 066066 108110 
pop 
12 11 , 185185 107107 013013 030030 083083 052052 169169 144144 055055 104104 067067 048048 046046 023023 025023 182182 045045 114114 117115 086086 057057 099096 150145 013013 091091 148148 192192 172172 037038 188188 053053 006006 177177 072072 181181 197197 054054 087088 108108 190190 075075 182183 098098 126126 029029 015015 168168 094094 079079 066066 187187 003003 131131 075078 095095 004004 055057 171171 080080 007007 057060 139139 050050 005005 185185 003003 002002 156156 147145 161161 158157 030030 161161 008008 034034 083082 080080 186186 182182 192199 070070 189189 175175 188188 103103 052052 113113 064064 094094 151152 099099 174174 173173 105105 081078 190190 095095 140140 060060 113113 
pop 
12 12 , 185185 109109 019019 030030 082082 052052 170170 149149 055055 104104 070070 049045 047047 025025 026026 182182 047047 115115 120120 085085 061061 100100 150151 013013 088088 150150 186186 171171 037037 188188 056052 007007 177175 070070 178178 197197 057057 085085 105108 190194 077077 182182 097097 126126 029029 015015 176176 096097 080079 064066 187187 002002 131131 076076 099099 002004 055055 171171 080080 006004 060060 137137 050050 003003 184194 004004 002002 155152 144145 161161 163163 030031 161161 006006 034034 082082 080080 180180 182182 192199 074074 192192 171171 185185 105105 050050 114114 062062 094092 152149 098098 174174 172172 105105 078078 191191 096096 144140 063060 108108 
pop 
12 13 , 185185 109108 017019 029029 082082 050050 169169 144148 054054 104104 069069 049049 046046 025025 026026 182182 047047 116116 116116 087087 058057 101101 150150 014014 092092 149148 192192 169169 037037 196196 054052 007007 176176 072072 177177 193193 054054 087087 111105 190195 077077 182182 097097 125125 029029 015015 176176 094094 080080 064064 188188 004004 131131 076076 092092 001003 054054 169169 079080 001001 060060 139139 049049 003003 194194 004004 002002 155155 147147 164164 160160 030030 160160 012007 031034 082082 080080 183183 182182 196196 074074 189189 173173 184184 105108 051051 111113 062062 091091 150150 099099 174174 177173 103103 078078 190190 097097 140140 065065 107108 
pop 
12 14 , 186186 108108 016016 027032 082084 051051 169169 148148 055054 104104 068068 049049 046045 026026 026026 181182 050050 115115 117117 084084 058058 100100 150150 014014 088088 148148 186186 171171 037037 196196 052052 002002 176177 072071 181181 193193 057057 088088 108108 194194 078078 182182 097097 127127 029029 015015 169169 094094 080080 064064 188188 003003 130130 074074 091091 004004 055055 169171 070070 004004 060060 139134 048048 003003 184184 004004 002002 156156 145145 164164 162162 031031 162162 012012 032032 083083 080080 183183 182182 192192 075075 195195 171171 185185 102102 049057 114114 064064 091091 150150 111111 172172 173173 101101 078078 189189 093093 144144 065065 108108 
pop 
13 5 , 185185 109109 013013 027029 084084 053053 171171 148148 054054 104104 068068 050050 047047 027027 024024 182182 049049 115115 119114 087087 059059 098098 150150 013013 088088 149149 186186 169169 037037 188188 055055 006006 173173 072072 180180 196196 057057 085085 108108 193193 077077 182182 099099 126125 029029 018018 180180 097097 080080 066066 185185 003003 131131 078078 092092 003003 057057 170171 079079 004004 053053 139139 055055 006006 186186 003003 002002 154154 147147 162162 159159 031031 161161 006006 031031 084084 080081 184184 185185 199196 074074 194194 175175 189189 103103 055055 111111 062062 089089 150150 111099 173173 177177 106106 076076 191191 097095 142142 060060 108108 
pop 
13 6 , 185185 109108 017017 029029 081081 053053 169169 148148 054054 104104 066066 047047 047047 027027 025024 181181 049049 115115 116116 086086 058058 100100 148152 014014 088088 148148 187187 171171 037037 189189 052052 005005 177177 072072 181181 194196 051057 084084 106106 194194 077077 184184 099099 125125 027027 015015 180180 097097 080080 064064 188188 002002 131131 076076 092092 002003 057057 169169 079079 004004 053053 139139 053053 006006 185185 005005 002002 155155 146146 161161 160160 029031 161161 009009 031031 082082 079079 181178 182182 196196 074074 189189 172172 188188 105105 054054 114114 062062 090091 151151 110110 175174 182182 103103 078075 190190 095095 144144 068068 111111 
pop 
13 7 , 185185 109109 017017 033033 084084 053053 169169 148148 055055 104104 072072 047047 045045 027027 024024 182182 045045 115115 115115 085085 059059 100100 150150 014014 092092 148148 192192 169169 038038 188188 052052 005005 177177 072072 181181 195195 051051 087087 108108 190193 077077 182182 102102 125125 028028 015015 177177 094094 080080 066066 186186 001001 137130 078078 092092 003003 057057 169169 080080 004004 053053 140140 051051 005005 185185 006006 002002 151151 146146 162161 157157 030030 161159 008008 035035 080080 081081 182182 185185 196197 074074 189189 175175 187187 103103 054054 113113 062062 091091 150150 098098 175175 178178 103104 076077 190190 095095 144144 063063 111111 
pop 
13 8 , 186186 109109 013013 027027 083083 053053 172171 148148 055055 105105 068066 044044 046046 025023 025025 182182 043049 115114 114114 087087 058061 096096 148148 013013 091091 148148 187187 171169 037037 188188 052052 005005 173173 070070 181181 194194 054054 085085 108108 190190 077075 182182 102102 125127 028028 014014 176176 097097 079079 064064 188188 001001 131131 078078 092092 006001 057055 169169 078078 004004 052052 139139 050050 003003 182182 004005 002002 154151 146146 161161 160160 031031 162159 010010 034034 082082 079079 182182 187187 196196 070070 188188 171175 186186 103103 053053 114114 062062 091091 150150 099099 173173 177177 105105 078078 190190 097097 140140 060063 111111 
pop 
13 9 , 185186 105105 015015 032032 082083 053053 169169 142142 054055 103103 070070 050047 048047 025025 023025 181181 045045 115115 117117 087087 059059 101101 151151 013013 088091 148148 185187 171174 037037 188188 052052 005006 175175 071071 181181 197194 051051 085085 105105 193193 077081 184184 096096 127127 026026 015015 178178 097097 083083 064064 186186 004004 132132 078078 092092 006006 055055 171169 080080 007007 057057 135135 051051 002002 185185 004004 002002 152152 147147 162162 160160 030030 162162 006006 032032 082082 080080 182182 187187 199199 074074 192189 173173 185185 106106 048053 114114 062066 089089 150150 095095 172172 177177 101101 075075 190190 097095 144144 060060 108108 
pop 
13 10 , 185185 109109 012012 027027 083083 048048 169169 148148 054054 104105 067067 047047 047047 024024 025025 181181 045045 116116 117117 084084 061061 100100 151151 014014 091091 149149 187187 169169 037037 188188 054054 005005 175175 071071 181181 194194 057057 084084 105108 190190 075077 184184 094094 126126 028028 015015 177177 097097 079079 066066 188188 003003 132132 075075 092092 003003 055055 171171 080080 003003 060060 139139 049051 004003 185185 005005 002002 152152 146146 158158 157160 030031 162162 007007 024024 082082 079079 186182 182182 199199 070070 194194 174174 186186 106106 051051 113113 062062 090090 150150 095095 175175 185185 106105 081081 190190 097097 144144 060060 112112 
pop 
13 11 , 185185 106108 017017 030030 084084 053053 170170 145148 054054 104105 068068 046046 047047 023026 025025 182182 049049 115115 115115 085085 061061 098096 150150 013013 091091 145145 192192 171171 037037 188188 052052 005005 177177 072072 177181 194194 054054 085085 107107 195195 076076 182182 099099 127127 028028 014014 177177 097097 080080 064066 186185 003003 131131 078075 092092 001003 057055 169169 080080 004004 060060 139139 050050 004004 182182 006006 002002 152152 146147 162161 157157 031030 161161 007007 032032 082082 080080 182182 182182 199199 074074 188188 175175 188188 103103 051051 114111 062062 091090 150150 107107 175175 183173 105105 081076 191185 097097 144144 063063 108108 
pop 
13 12 , 185185 109109 016015 030033 084084 052052 169169 148148 055055 103105 069069 047047 047047 025025 025025 182182 049049 115115 115115 085085 058058 099099 148145 013014 091091 150150 186186 170170 037037 189189 052054 005005 175175 070070 180180 197197 057057 085085 108108 193194 077076 182182 094097 125125 028028 018018 168168 096096 083083 065065 188188 001001 131131 075075 093099 003003 057057 171171 079079 003003 059059 139139 049050 004004 182182 006006 002002 155155 146146 162162 160160 030030 161161 006006 032032 082082 080080 182182 182182 199199 075074 194194 173173 185185 105105 048048 111111 062062 091091 150149 098099 172172 185185 105105 081081 190190 097097 140144 060063 112112 
pop 
13 13 , 186186 108109 015015 029033 083083 052052 166166 145145 054054 104104 069069 047046 050050 024024 025027 180180 047047 116116 115115 087085 058058 101101 145145 014014 091088 149149 192192 170173 037037 196196 051052 006006 175175 070072 181181 195195 054054 085087 108108 194194 075075 184184 099099 126126 028029 015015 180180 096096 079079 064064 186186 004004 131131 075075 092092 003003 055055 172172 080080 001001 052057 134134 049049 005005 195195 003003 002002 155155 146145 161161 160160 029029 162162 006006 033033 081081 080080 182182 187187 196196 077074 189192 171171 185185 105108 052052 111111 066066 093093 150150 099099 175175 185185 105105 077077 189189 097097 144144 063063 112112 
pop 
13 14 , 186186 108108 017017 033032 084084 053053 170170 145145 055055 103105 069069 049049 050050 024024 025025 181181 049049 115115 116115 083083 058058 097097 150150 014014 088088 149149 187186 171171 037037 196196 053053 006005 176176 072072 181181 194197 056057 088088 108108 190190 078078 184182 096096 127127 029029 015015 168168 094094 080080 064064 188185 003003 131131 078078 092092 002004 055055 169169 080080 007007 059059 134134 051051 004004 194194 005005 003003 152152 144144 162162 160160 031031 162162 006006 025025 081081 079079 186186 189189 197197 076076 195195 173173 185185 105105 053051 113113 066066 091091 150150 099099 172172 173173 105105 081078 189189 097097 142142 060060 109109 
pop 
14 5 , 185185 106106 017017 033033 084084 048048 169169 145145 055055 104104 066066 048048 050050 026023 023023 182182 049049 115115 117115 087087 059059 099099 150150 013013 088089 148148 192192 169171 038038 188188 052052 002002 173173 070070 178178 192192 055054 087084 108108 194194 074074 181181 094094 127127 029029 015015 180180 097097 079079 064064 186186 001001 131131 078078 092092 003003 055055 171171 080080 004004 053053 139139 055050 006006 185185 004004 003003 152152 147147 161161 166166 031031 161161 006009 032031 081081 080080 186186 185185 197197 075075 194194 173171 185185 106106 054054 115115 062062 091091 149149 111111 174174 177177 103106 079079 190190 097097 141142 060060 108108 
pop 
14 6 , 184184 109109 017012 034034 081081 053053 169169 149148 055055 105104 066066 048048 047047 026026 024024 182182 049049 108108 115115 085086 057057 096096 151151 011011 088088 148148 187187 171171 037037 188188 052052 006006 175177 070070 181177 196196 057055 087087 108108 190190 074077 182182 099095 125125 027027 015015 176176 097097 080080 067067 188188 003003 130130 076076 092092 004004 057057 169169 070070 004004 057060 135135 052052 005005 195195 004004 002002 151151 146146 162159 160160 031031 161161 009009 029032 084084 080080 186186 184184 196197 074074 194194 173171 188188 105105 052052 113113 062062 091091 151151 097097 174174 177177 104104 077077 190190 097097 141141 063063 113113 
pop 
14 7 , 183183 109109 017017 030030 080080 051051 169169 148148 055055 104104 072067 045045 047047 026026 026026 182182 052052 115115 115115 085085 058058 099099 150151 011011 089089 148148 192192 171171 035035 188188 052052 002002 175175 072072 180180 195195 057057 087087 109109 193193 081076 182182 097097 124125 028028 015015 166166 094094 080080 066066 185185 003003 131131 075075 094094 005003 055055 169169 067067 004002 059059 140140 051051 006006 185185 006006 002002 152152 147147 161162 157158 035035 162162 010010 035035 081081 080080 182186 187183 198198 074074 189189 173173 190190 103103 057057 113113 061061 090090 150150 095095 175175 184184 106103 078079 189189 093093 141141 068068 108108 
pop 
14 8 , 185186 109109 019019 031031 084082 052052 169169 148149 055055 104104 072072 048046 047047 023024 025025 182182 045045 114114 114114 087087 059059 098098 151151 015015 088088 145145 187187 172172 035037 189189 052053 006006 175176 072072 181181 194194 054057 085085 108108 190190 081078 182182 095095 125126 028028 014018 168168 096096 080080 066066 185185 001001 131131 078078 092092 003003 055055 169169 080080 004003 060060 140140 050050 003006 185185 004004 002001 152152 146146 159162 161161 031030 159159 010010 034034 082082 080080 184184 184184 199199 074074 189189 175171 186186 106106 048048 115111 062062 089091 150150 098098 173173 177177 105105 079076 189190 093093 142142 065065 113108 
pop 
14 9 , 185185 105105 013013 032032 084084 053053 169169 144149 054054 109109 072072 049049 048048 024024 025025 182182 045045 115115 117117 086086 059059 101099 151150 015015 088088 148148 192192 171169 038038 186186 056056 006005 176176 071071 177177 194194 054054 086087 109109 193193 081081 182182 097095 127127 028028 015015 178178 097097 079079 067066 186186 003003 131132 080076 092092 006001 055057 169169 080080 004004 060060 139139 051051 006006 194182 004004 002004 152152 147147 166166 158158 031031 162162 007007 033033 080080 080080 182181 187187 192192 074074 192192 174174 188188 103103 057057 114114 062062 091091 149149 114114 172172 177177 104104 075077 190189 092097 144144 066066 108113 
pop 
14 10 , 186185 108108 019016 031031 082082 053053 169169 149149 055055 104104 070070 049049 047047 026026 025025 182182 045045 116116 115115 087086 058059 099099 151151 015015 088088 145145 192186 171169 036036 186186 052052 006006 175175 071071 181177 193192 054054 087087 108108 194190 074074 182182 099099 127127 028027 015015 166166 097097 080080 066066 186188 002002 131127 076076 094094 003003 055055 171169 080080 002002 057057 134134 052052 003004 185185 004004 002002 155156 147147 161161 157166 030030 162162 006006 029029 082082 080080 186186 187187 192192 074074 190190 175175 188188 108108 055055 113111 062062 091091 149149 095110 175175 177177 104104 079079 190189 097097 141141 063063 108108 
pop 
14 11 , 185185 109109 019017 029029 084084 053052 169169 148148 055054 104104 068068 046046 050050 023023 026026 182182 045045 115115 116115 086086 057057 099098 151151 014013 088088 148148 192191 169169 037037 189189 053052 005005 175175 070070 181177 195195 054054 087087 108108 193193 075075 182182 097095 125125 028028 014014 176176 095095 080080 064064 185185 002002 131131 080076 095092 003003 057057 171171 080080 004004 060060 131131 052052 005005 194194 005005 004004 152152 146146 161161 158166 031031 162162 006006 024024 082082 079079 186186 185185 192192 074074 190189 171171 188188 103103 049053 115115 062062 091091 152152 114114 175175 173173 103103 076076 191191 093093 144144 066066 108108 
pop 
14 12 , 185185 109109 012017 030030 082082 052052 169169 145148 055055 105105 070070 050050 050050 026025 026026 182182 045045 115116 115115 085085 058058 099099 150150 014014 089089 150150 192192 173173 037037 186186 052052 005005 176176 070070 181181 193193 051051 087087 105105 195195 076077 182182 097097 125125 028028 015015 176176 095094 080080 066065 187187 004004 131132 080080 092092 003003 055055 171171 079079 002002 060053 134134 050050 004004 194194 004004 001001 156156 147146 162162 158158 031031 161162 006006 025033 082082 079079 186186 182182 192192 075075 188188 171173 185185 106106 052050 113113 062062 091091 148148 108108 173173 177177 104104 078076 190190 096096 144144 062062 108108 
pop 
14 13 , 186186 109109 017019 027027 082082 052052 169166 145145 053053 104103 069068 048048 043043 023025 025025 182182 052049 115115 117115 086086 058058 099099 150150 014014 088088 148148 191191 171171 037037 196196 053053 006006 175175 072071 180180 193193 054054 087087 107107 193193 077077 182182 097095 126127 029029 015015 168168 095095 080080 064064 188188 004004 139139 076076 092099 003003 055055 171169 079079 001001 057057 132132 049049 004004 195195 004004 002002 150150 147147 161161 160160 030030 162162 006006 024024 082082 080080 183183 182181 192192 076074 188188 173173 190190 106106 052052 113113 063063 091091 152152 098098 175175 173173 103103 077077 185190 096095 140140 059059 108108 
pop 
14 14 , 186186 106106 019016 033033 084082 051053 169169 145145 054054 106106 070070 048048 045045 027027 024024 182183 051049 115115 117117 087086 057058 099099 150150 014014 091088 149149 191191 171171 037037 187196 054052 005005 175175 070070 177181 193193 057057 087087 108108 194194 077077 182182 097097 125126 028028 019015 168168 094094 079079 065065 185185 003003 131131 078078 092092 003003 055055 171171 079080 002002 053053 137139 052052 006006 194194 004004 003003 154154 147147 161161 158166 031031 159159 006006 024025 081081 080079 181181 182182 197197 075075 189189 176176 190185 106106 053050 111111 062062 091089 149149 098098 173173 177177 104104 077077 184184 097097 144144 065065 109109 
