This sample file has been generated by the IBDSim program.
locus1_GSM
locus2_GSM
locus3_GSM
locus4_GSM
locus5_GSM
locus6_GSM
locus7_GSM
locus8_GSM
locus9_GSM
locus10_GSM
locus11_GSM
locus12_GSM
locus13_GSM
locus14_GSM
locus15_GSM
locus16_GSM
locus17_GSM
locus18_GSM
locus19_GSM
locus20_GSM
locus21_GSM
locus22_GSM
locus23_GSM
locus24_GSM
locus25_GSM
locus26_GSM
locus27_GSM
locus28_GSM
locus29_GSM
locus30_GSM
locus31_GSM
locus32_GSM
locus33_GSM
locus34_GSM
locus35_GSM
locus36_GSM
locus37_GSM
locus38_GSM
locus39_GSM
locus40_GSM
locus41_GSM
locus42_GSM
locus43_GSM
locus44_GSM
locus45_GSM
locus46_GSM
locus47_GSM
locus48_GSM
locus49_GSM
locus50_GSM
locus51_GSM
locus52_GSM
locus53_GSM
locus54_GSM
locus55_GSM
locus56_GSM
locus57_GSM
locus58_GSM
locus59_GSM
locus60_GSM
locus61_GSM
locus62_GSM
locus63_GSM
locus64_GSM
locus65_GSM
locus66_GSM
locus67_GSM
locus68_GSM
locus69_GSM
locus70_GSM
locus71_GSM
locus72_GSM
locus73_GSM
locus74_GSM
locus75_GSM
locus76_GSM
locus77_GSM
locus78_GSM
locus79_GSM
locus80_GSM
locus81_GSM
locus82_GSM
locus83_GSM
locus84_GSM
locus85_GSM
locus86_GSM
locus87_GSM
locus88_GSM
locus89_GSM
locus90_GSM
locus91_GSM
locus92_GSM
locus93_GSM
locus94_GSM
locus95_GSM
locus96_GSM
locus97_GSM
locus98_GSM
locus99_GSM
locus100_GSM
pop 
5 5 , 072074 043044 126126 124124 031031 057057 021021 182178 154154 188193 017017 199199 068068 094095 095095 140140 193193 118118 184184 148148 189191 184183 019019 002002 126126 019019 068068 138138 129129 151149 018013 072072 172171 164164 171171 096096 157157 073073 064066 034034 159159 117117 196196 051052 033033 092092 140140 102102 147146 089089 187189 153151 140140 043043 106107 091091 032032 183183 154154 001001 081081 191191 119119 027027 114114 122122 038039 025025 168170 144144 125125 135135 022022 143135 176176 065065 146146 164168 193194 022022 037039 128130 039039 195199 074080 167167 135135 091091 164164 078078 038038 011011 138138 174174 090090 184184 015015 048048 191189 159159 
pop 
5 6 , 071071 043043 126126 124124 031031 057057 021021 181182 154154 193193 017017 199199 068068 094094 095095 140140 193193 117118 180180 148148 188188 185182 019019 002002 126126 019019 068068 137137 129129 151149 016016 072072 172172 163162 171171 096096 157157 071071 066066 034034 159159 117117 196196 053051 032032 091091 140140 102102 147146 089089 189189 146146 140140 041041 106106 091091 032031 183183 154154 002001 081081 188191 119119 027027 114118 125123 038038 024025 170170 144144 124124 139139 022022 143135 176176 065065 146146 168168 194193 025022 037039 130130 038039 199196 074074 167167 135135 091091 164164 080078 038038 011011 138137 174174 090090 184184 015015 048048 189189 159159 
pop 
5 7 , 074074 044044 125126 124124 031031 057057 021020 181178 154154 193188 021021 199199 068065 094095 095095 140140 193193 118118 180180 148148 188188 185185 019019 008002 126126 019019 068068 137137 127129 149149 013016 072072 172172 163163 171171 096096 157157 071071 065066 034034 161161 117117 196196 052052 032032 092091 140140 102102 149149 089089 191189 146153 140140 042041 108107 091091 031031 183186 154153 001001 080080 191188 119119 030027 114114 123125 036036 024024 170170 145145 124124 137139 021022 135135 176176 065066 146146 168168 193194 022022 039039 130128 038038 195196 074074 167167 135135 091091 164164 080080 038037 011011 138138 174174 090090 183183 015015 048048 189189 159159 
pop 
5 8 , 074074 044045 122122 124124 031031 057057 021021 178177 154154 188188 021017 199199 068068 094094 095095 140140 195193 118118 185180 148148 189189 183185 019019 002009 127126 019020 068068 137137 129129 149149 013016 072072 172172 163163 171171 089094 157157 071071 066066 034034 161159 117118 197197 051052 033032 091091 140140 094094 147147 089089 190190 153146 140140 041041 107103 090091 032031 186186 150150 001002 080080 191193 119119 027030 114114 126125 038038 025025 170170 145145 124124 137139 022022 135135 176176 066066 146146 168168 192193 022022 037037 128128 038038 195199 074074 167170 135135 091091 164164 081080 038037 013012 137138 176173 090090 184184 015015 048048 189189 157159 
pop 
5 9 , 074074 045043 122125 124124 029029 057057 021021 177178 154155 193188 021017 199199 068068 096094 095098 134140 193195 118118 185185 148148 189188 182184 019019 009009 126126 019019 068068 138138 129129 149149 013013 072072 172172 164162 171171 089096 157157 075075 066070 034034 161161 117117 197197 051051 033033 091091 140138 102102 149147 089089 189189 151151 142140 043043 103107 091091 031031 186186 151151 002002 080080 194191 119119 027030 114114 123126 038039 024025 170170 144144 124124 139139 021021 135143 176176 066063 146146 165165 192192 022022 039039 128128 038039 195197 074075 167167 135135 091091 164164 080080 038038 012011 137138 174174 088090 184184 015015 048048 191189 159159 
pop 
5 10 , 074074 043043 122122 124124 029029 057057 021021 178178 154154 188188 017017 199199 065068 096094 101095 140134 195195 117118 182182 148148 189190 184184 020020 008009 127127 020020 068068 138133 129129 149149 013013 072072 172172 162162 169169 094094 157157 071068 066066 034034 161161 117117 197197 051051 033033 092092 140139 102094 146146 089089 190190 146146 140140 043043 108103 091089 032032 183183 151151 001001 080080 192194 120120 030030 114114 126126 038038 025025 170170 144145 125124 139138 022021 144135 176176 065063 146146 168168 192192 022027 037039 131131 039039 195195 075075 167167 135135 091091 164164 078080 038038 011011 137137 173174 090090 184183 015015 048048 189189 159159 
pop 
5 11 , 074074 044044 122123 123124 029029 057057 021021 178178 155154 188188 017017 199199 065069 094094 101101 140141 193193 118117 185185 148148 190190 183183 019019 008009 127127 018019 068068 138138 127129 149151 018016 072072 171172 164164 168169 094089 157157 068075 066066 034032 161161 116116 196196 051050 033033 092092 140140 102102 146149 089089 190189 146146 142142 041041 107107 091089 032032 184184 150150 002002 080080 191194 120120 030030 114114 126126 038038 025025 169170 145145 125125 135135 022022 135135 176176 063065 146146 164164 194192 027027 037039 131128 039038 195195 080077 167167 135135 091091 164164 080080 036038 012012 137137 174174 088088 180180 015015 048048 189189 157159 
pop 
5 12 , 074074 044044 123123 123124 029029 057057 021020 178178 155155 192188 017022 198198 065068 094094 101101 140141 195195 118117 180182 148148 190188 183183 020019 003009 127127 019019 068068 138137 129129 151149 013013 072072 171172 164164 169169 089089 157157 068075 066066 034034 161161 116116 196196 050050 033033 092092 140138 102092 146146 089089 190190 146146 142142 041044 107108 091089 032032 186186 150150 002002 080080 194193 120120 027027 114113 125125 038038 025025 170171 144144 125125 138137 022022 135135 176176 063063 146146 168168 193193 027027 037037 130128 039039 195195 080080 167167 139135 091091 161164 080080 036038 012012 138137 173174 090088 183183 015015 048048 189189 159157 
pop 
5 13 , 072072 043044 123122 123123 030030 057057 021021 178178 155154 192192 016021 198198 068068 096096 098098 140140 193193 117117 180180 148148 190190 185185 020020 009009 127127 019018 068068 139138 129129 149149 016018 072072 171172 164164 169169 095095 158157 071075 066066 034032 161161 116116 197197 050049 032032 091091 138138 102102 146146 089088 190190 151151 141142 044041 107107 089089 032032 186186 150150 002002 080080 194191 120119 030027 114114 126126 036039 025025 169169 145144 125125 139139 024022 143135 176176 063063 146146 168168 193193 027027 037033 128128 039039 195195 080080 167167 135135 091091 164164 079080 036036 012012 137138 174173 090090 183183 015015 048048 188189 157159 
pop 
5 14 , 074074 044044 122123 123123 030030 057057 021021 178178 154154 192192 016021 199199 068068 094094 098098 140140 193193 117118 180180 148146 188191 184186 020020 009008 127127 019018 068068 139139 129129 149149 018018 073073 172171 164164 169170 089089 158158 068068 066064 034032 161161 119119 197197 050050 032032 091091 140140 092102 146146 089089 190191 146146 141141 044044 106106 091089 032032 186186 150150 002002 080080 191193 120120 028028 114118 125125 039039 025025 168168 145145 125124 139138 022024 143143 176176 063065 146146 168168 193193 027027 033037 131131 039039 199195 075080 167167 135135 091091 164164 079081 037037 012012 138138 174173 090090 183183 015015 048048 189189 157157 
pop 
6 5 , 074071 044044 122125 124124 031031 057057 020020 181178 154155 188188 017017 199199 068068 094094 098095 140140 193193 120120 184184 148148 189189 184184 019019 002003 126126 018019 068068 137137 129129 149149 013018 072072 171172 164164 171171 096096 157157 068068 065065 034034 159159 117119 196196 051053 033032 092092 140140 102092 149149 089089 190189 153153 140140 041043 108108 091091 031031 186183 154154 001001 081081 191191 119119 027030 114118 122122 036039 025025 170170 144144 124125 135135 022022 145143 176176 065066 146146 168164 194194 022022 039039 130128 038039 196195 074074 167167 135135 091091 164164 080078 038038 011011 138138 174174 091090 180184 015015 048048 189191 159159 
pop 
6 6 , 072074 044043 122126 124124 029029 057057 021021 181181 154154 188188 017017 199199 068068 094094 095098 140140 192193 118117 186186 148148 189189 182184 019019 002003 126126 020019 068068 137137 129129 149149 013016 072072 172172 163163 171171 096096 157157 071071 065065 034034 159159 116117 197197 051051 032032 091092 140140 102102 146147 089089 189190 153153 140140 041041 106108 091091 031031 186186 151151 002001 080080 192192 119119 027030 114114 122122 039036 025024 170170 144144 125124 135135 022022 143135 176176 066065 146146 165168 193193 027025 039039 128130 038038 199196 078080 167167 135135 091091 164164 078080 038038 011011 137137 174174 090090 184184 015015 048048 191189 157157 
pop 
6 7 , 072072 045044 125125 124124 031031 057057 020021 178181 154154 193193 017017 199199 068065 094094 101101 140140 192192 118118 185184 148148 189189 182182 019019 008002 126126 020019 068068 137137 129129 149149 013016 072072 172171 163163 171171 096096 157157 071071 065065 034034 161159 117117 197196 051051 032033 091091 140140 092093 146146 089089 189189 146153 140140 041041 103106 091091 031031 183186 151151 001001 080080 194194 119119 030027 114114 123123 036036 024024 170170 144144 124124 139139 022022 135143 176176 066066 146146 168168 193193 022022 039039 131131 038038 199199 078074 170167 139139 091091 164164 080079 038038 011011 137137 174174 090090 184184 015015 048048 189189 157157 
pop 
6 8 , 071072 044044 122125 124124 030031 057057 021021 178178 155154 192188 017021 199199 068068 094094 095095 140140 193193 118118 185185 148148 189188 184185 019019 009003 127126 020020 068068 133137 128128 149149 013013 072072 172172 163163 171171 096089 157157 071071 065066 034034 159161 118117 196197 051051 033033 091091 140139 102092 147149 089089 191189 146151 140140 043043 103103 091091 031032 186183 150153 001001 080080 191191 120119 030030 114114 125123 039039 024024 168170 144144 124124 137139 022021 143135 176176 066065 146146 168168 193198 027022 039039 131131 038038 199195 074074 170167 139135 091091 164164 081081 037037 012012 137138 177174 090090 185184 015015 048048 189189 157157 
pop 
6 9 , 072072 043043 122122 124124 030030 057057 021021 178178 154154 188192 021017 199199 068068 096094 095098 134134 193193 118118 185185 148148 189188 185185 019021 003003 127127 019019 068068 138138 129128 149149 013013 072072 172172 162162 169169 094096 157157 068068 066066 034034 159159 117117 197196 051051 033033 091092 138139 102102 146146 089089 190189 151146 142142 043043 103103 091091 031031 183183 151151 001002 080080 191194 119119 030030 113114 123125 038039 025025 170170 144144 125124 139139 021026 135143 176176 066066 146146 168165 195192 027022 039039 131131 038038 199199 074074 167167 139135 091091 164164 079081 038038 012012 137137 177177 090090 184184 015015 048048 189188 159159 
pop 
6 10 , 074074 043045 122122 124123 028029 057057 021021 181178 154154 188188 017021 199199 068065 096094 098101 140140 195195 117117 185185 148148 188188 184185 021021 002009 127127 020020 068068 133133 129129 151151 013013 072072 172172 162162 171171 094089 157157 068068 066066 034034 161161 117117 197197 051053 032032 091092 139140 102102 146146 089089 190190 146146 142142 043043 107108 091091 032032 186183 150150 001002 080080 191191 120120 030030 114114 125125 039039 025025 169169 145145 124124 139139 022022 143135 176176 066066 146146 165168 192192 022027 039033 131131 038039 195195 075075 167167 135135 091091 164164 079080 038036 011011 137137 173173 090090 180183 015015 048048 191188 157159 
pop 
6 11 , 074074 045045 125125 123123 030030 057057 021021 178178 155155 188192 017021 199199 069065 094094 098098 141141 193195 117118 180185 148148 189190 183185 019019 008008 127127 020019 068068 133138 133129 151151 016016 072072 171171 162162 169169 094094 157157 068068 066064 032034 161161 116117 196196 051051 032032 092092 138140 102102 149146 089089 190190 146146 142142 043041 108107 091091 032034 183183 150150 002001 080080 193192 120120 030030 114114 125125 039039 025025 170170 145144 125125 137138 022022 135135 176176 066066 146146 168165 192192 022022 039039 131131 039039 199195 080080 167167 139135 091091 164164 081081 036037 012012 140137 173174 090088 183183 015015 048048 188188 159159 
pop 
6 12 , 074073 044044 125125 123123 030030 057057 021020 178178 154154 188188 021017 199199 065069 094096 101101 141141 193193 117118 182182 148148 190190 183184 020020 008009 127127 019018 068068 138138 129129 151149 013013 072072 171172 164164 169169 089089 158158 075068 066064 034032 159161 116116 197197 051051 032032 091091 140138 102102 146149 089089 190189 146151 142140 043044 108107 091089 032032 187186 150150 001002 080080 193193 120120 030030 114114 125125 036036 025025 170170 144144 125125 138138 024024 141145 176176 063066 146146 168168 195195 022027 039037 131131 039039 195195 080080 167167 134134 091091 164164 079079 036036 012011 138138 174174 088090 183183 015015 048048 189189 157159 
pop 
6 13 , 074074 045045 123123 123123 030030 057057 021021 178178 154154 188192 021017 199199 069069 096096 098101 133133 193193 117117 182180 148148 188189 185184 019020 008008 127127 018018 068068 137138 129129 149149 018016 071073 172171 162162 169169 095095 158158 068075 064066 034032 161161 116116 197197 051051 033032 092091 140140 102102 146146 089087 190189 146146 142142 043043 107107 091091 031031 186185 151150 001001 080080 195191 120120 030030 114114 126125 039039 025025 171171 144145 125125 139139 024022 135143 176176 063063 147146 168168 193193 027027 039039 128131 039039 199195 080075 167167 135135 091091 164164 079079 038038 012012 138138 174174 088088 183183 013015 048048 188188 157157 
pop 
6 14 , 074074 043045 123123 124123 030030 057057 021021 178179 154154 192192 016021 199199 069069 096096 098098 132132 193193 117117 182182 148148 191191 184186 019019 009009 127127 019020 068068 133133 129129 149149 018018 072073 171172 162162 170170 089089 158158 068068 066066 034034 161161 116119 197197 050049 032032 091091 140140 092092 148146 089089 190190 151151 140141 043043 108107 091091 031031 186186 150150 001001 080080 194191 119119 030030 114114 125125 039039 025025 168171 145145 125125 139139 024022 143135 176176 063063 146147 165168 193193 020027 037037 131128 039039 195195 075074 167167 135135 091091 164164 081080 038037 012012 138137 174174 088088 183183 015015 048048 189189 157159 
pop 
7 5 , 072074 044044 122122 124124 029029 057057 021021 178181 154154 188188 019019 199199 068068 094094 098095 140140 193193 118118 184185 148148 189189 182182 019019 003002 126126 019019 068068 137137 129129 149149 013013 072072 172172 163164 169171 096096 157157 068068 066066 034034 159159 117116 196196 051051 032032 091092 140139 102102 146148 089089 190190 153153 140140 041043 107108 091091 031031 183186 153153 001001 081080 191191 120120 027027 114118 122122 036036 025025 170170 144144 125124 135135 022022 145145 176179 066066 146146 164168 193193 022022 039039 131131 038038 196199 074074 167167 139139 091091 164163 080080 037038 012011 138138 174174 090090 184184 015015 048048 190189 159159 
pop 
7 6 , 072074 044044 122122 124124 031031 057058 021021 178182 155155 193188 019017 199199 068068 094094 095095 140140 193193 118118 184186 148148 188188 182183 019019 002002 126127 019020 068068 137137 129129 149149 018018 072072 172172 163164 171171 096096 157157 068068 065065 034034 159159 116116 194194 051051 032032 092092 140140 102093 146146 089089 189189 153151 140140 043043 108108 091091 031032 183183 154154 001001 080080 192191 119120 027030 118114 122125 036036 025025 170170 144144 125124 135135 022022 135135 176176 066066 146146 165165 193193 022022 039039 131131 038038 199196 074074 167167 139138 091091 164164 080079 038038 011011 140138 174174 090090 185185 015008 048048 191189 159157 
pop 
7 7 , 072072 044044 125125 124124 030029 057057 021021 181178 155154 193188 017017 199199 068065 094094 095095 134140 192193 118118 185185 148148 188188 182182 019019 002002 127126 019020 068068 137137 128129 149149 013013 072072 172172 163163 171171 096096 157157 068068 066065 034034 159161 117117 197196 051051 032032 091091 139140 093093 149149 089089 189191 153153 140140 043043 107107 091092 031031 183183 151154 001002 080080 194193 119119 030027 118118 125122 038036 024024 170170 144144 124124 135135 022022 143143 176176 065066 146146 165165 193193 027022 039039 128131 038038 199195 074074 170170 139139 091091 164164 079080 038037 012011 140137 174174 090090 185185 015015 048048 189189 159159 
pop 
7 8 , 072071 044044 122125 124124 029031 057057 021021 178178 154155 188188 017021 199199 065068 094094 095095 140140 193193 118118 185185 148148 188188 182184 019019 002002 126127 020020 068068 133133 128128 149149 013013 072072 171172 162163 171169 096096 157157 075071 065065 034034 161159 117117 196197 051050 032032 091091 139140 102102 146149 089089 189189 146146 142140 043043 108108 091091 031032 183186 151151 001001 080080 191191 119119 030027 114114 123123 039036 025025 170170 144144 124125 137139 022022 143143 176176 065066 146146 168165 198193 022022 034039 131128 039039 199195 074074 167167 139139 091091 164164 081081 038038 012012 138137 174174 090090 185184 015015 048048 191189 159159 
pop 
7 9 , 074074 045045 125122 124124 030030 057057 021021 181181 154154 188188 017021 199199 065068 096096 101101 134140 193193 118118 185185 148148 188188 185184 019019 002002 127127 020020 068068 138137 128128 149149 018016 072072 171171 162163 171171 096096 157158 068071 066066 032034 159159 117117 197196 051051 033033 091091 139139 102102 148149 089089 189190 146146 140140 043043 108107 091091 031032 183183 151151 001001 080080 193193 119119 030030 114114 125123 038036 025025 170170 144144 125125 139138 022026 143143 176176 066066 146146 165165 192195 022022 039039 131131 038038 197197 080074 167167 134135 091091 164164 079079 038038 012012 137139 173174 090090 184185 008015 048048 191191 158159 
pop 
7 10 , 074074 043043 125125 123123 029028 057057 021021 178178 154154 188188 017021 199199 069069 096096 098095 140140 193193 118118 180185 148148 188189 184185 019019 002002 126126 019019 068069 137133 133128 149149 013013 072072 171171 162162 171171 094094 157158 068074 066066 034034 161161 116117 197197 051051 032033 091092 140140 102102 146149 089089 191191 146146 142142 043043 107107 092091 031031 183183 151151 001001 080080 191191 120120 029030 113114 125125 036036 025025 169170 145145 125125 138138 022022 145145 176176 066066 146146 167167 195192 028028 039039 131131 038038 199199 080080 167167 135135 091091 164164 079079 038036 012012 137137 173173 090090 183183 015015 048048 188191 159159 
pop 
7 11 , 074074 043045 122122 123123 028030 057057 021021 178178 154154 188192 017017 199199 065065 096096 095095 140134 193193 118118 180182 148148 189189 183184 020020 008002 126127 019019 068068 138138 133133 149149 013013 072072 172171 164164 169169 096094 158158 068068 066066 034032 159161 117116 196197 053050 032032 091091 140140 102102 146146 089089 190190 146146 140140 043043 108107 091091 031032 183183 151151 001001 080080 192193 120120 030030 113113 125125 039039 025025 170171 145145 125125 139139 022022 145145 176176 063066 146146 167168 190190 020022 039039 131131 038039 196195 080080 167167 139139 091091 164164 079079 037037 012012 140137 174174 088088 183183 015013 048048 189189 159159 
pop 
7 12 , 074073 044044 125125 123123 029030 057058 021021 178178 154155 188192 017017 199199 069069 096096 101095 133133 193193 118117 180180 148148 189189 184184 020019 008008 127127 019019 068068 137137 129129 151152 013013 072072 171171 162162 169169 095094 158158 068068 064064 034034 161161 116116 194194 051051 032032 091091 138140 102102 146146 087089 189189 146146 142140 043043 107108 091091 034031 186184 150150 001002 080080 195192 120120 030030 113113 125125 035039 025025 171170 145145 124125 137137 022024 135135 176176 063063 146147 168168 190193 027027 034039 131131 039039 195195 080080 167167 139139 091091 164164 079079 037036 011012 138138 173173 088090 183183 015015 048048 189188 159159 
pop 
7 13 , 074074 044045 125123 123123 030030 057057 021021 178178 155154 192192 021017 199199 069069 094094 101101 141141 193193 117117 180180 148148 188190 184184 019020 008008 126126 018018 068068 133133 129129 149149 013018 072072 171171 162162 169169 095089 158158 071071 066066 032033 161161 116116 196196 051050 033032 092092 138140 102102 146146 089089 189189 146146 140140 044043 108108 091091 031031 186186 151153 001002 080080 195195 120120 030030 118114 125125 039039 025025 171171 144144 125125 139139 022022 135135 176176 063063 146146 168167 194193 027027 033037 131131 039039 195195 080080 167167 139139 091091 162164 080080 038037 012012 140137 173173 090090 183183 014015 048048 189189 157159 
pop 
7 14 , 072074 045045 123123 123123 030030 058057 021021 179178 155155 192192 021021 197199 069069 094096 098098 133132 193193 118117 182180 148148 191190 184184 020020 003008 127126 018019 068068 139133 129129 152152 018018 072072 171171 162164 169169 095095 158158 068068 066066 032033 161161 116118 197197 049051 032032 092092 139140 092092 146146 087089 190190 146146 140140 043043 107107 091091 031031 186186 151151 001001 080080 193194 119120 030030 113114 125125 039039 025025 168168 145145 124124 140140 022022 135145 176176 063063 147146 165165 193194 027027 037033 131128 039039 195195 074074 167167 134134 091091 164164 081080 037038 014014 137137 174173 090090 185185 014015 048048 188188 157159 
pop 
8 5 , 072072 044044 122122 124124 029029 058058 021021 182178 154154 188188 019019 199199 068068 094094 098095 140140 193193 118118 184184 148148 189189 183183 019019 003002 127126 020020 068068 137137 129129 151151 013013 072072 172172 163163 171171 096096 157157 068068 065065 034033 159159 117117 196196 051051 032032 091092 139140 093092 149148 089089 190190 151151 140143 043043 108108 091091 031031 186186 150154 001001 080080 191191 120120 028027 114118 122122 036036 025025 168170 144144 125124 135135 022022 143145 179176 066066 146146 164168 193193 022027 034039 130130 039039 196196 074074 167167 138139 091091 163163 080079 037037 011011 138138 174174 090090 185185 008008 048048 191189 159157 
pop 
8 6 , 072072 044044 125125 124124 029029 058058 021021 178178 155155 188188 019019 199199 068068 094094 095098 140134 193193 120120 185185 148148 189188 183183 019019 007002 126126 020020 067068 137137 129129 149151 018018 072072 172172 163163 171169 096096 157157 068068 066066 033033 159159 118118 196196 051053 032032 092092 140139 093093 146148 089089 190189 150146 140140 043043 108108 091091 031031 183183 150150 001001 080080 192191 119120 027027 118118 123123 036036 025025 168168 145144 124124 135135 022022 143143 176179 066066 146146 165165 193193 022022 039039 131131 039039 196196 080080 167167 135135 091091 163163 080079 037036 011011 138140 174174 090090 185185 008015 047048 189191 157159 
pop 
8 7 , 072072 044044 125125 124124 029031 057057 021021 182181 154155 188188 021019 199199 068068 094094 098098 134134 193193 118118 185185 148148 188189 183182 019019 002002 126126 020020 068068 138138 129129 151151 018013 072072 171171 163163 171171 096096 157157 068068 065066 035034 159159 117117 197197 051051 032032 092091 139140 093093 149149 089089 190190 151146 142142 043043 108108 092091 031031 183186 150150 001001 080080 192193 120120 027027 114118 123125 036036 025025 170170 145145 124124 135135 022022 143143 176176 066066 146146 165165 198193 022027 034034 128131 039039 196199 080074 167170 139139 091091 164162 079079 037038 011012 140140 174174 090090 185184 008008 047047 189189 157159 
pop 
8 8 , 072072 044044 125122 124124 029031 057057 021021 181178 154154 188188 021021 200199 068068 094094 101098 140140 193193 118118 185185 148148 189188 188182 019019 002008 126126 019020 068067 138138 129128 149149 018018 072072 172172 163163 171171 096096 157157 068068 065065 034034 159159 117117 196197 050051 032032 091091 139140 102102 146146 089089 189189 150146 142142 043043 108108 091091 031031 183183 154150 001001 080080 191191 120120 027027 113114 123122 039033 024024 170170 144144 124124 139139 022022 135143 176176 066066 146146 165165 195195 022022 034039 131131 039038 199199 074074 167167 139134 091091 164162 079079 038037 011011 138137 174174 090090 185185 015008 048048 189189 159159 
pop 
8 9 , 074074 045044 122125 124123 029029 057057 021021 178178 154154 192188 019021 199199 067065 096094 101095 140140 193193 117117 185177 148148 188188 184184 019019 002002 126127 020019 068068 137138 128129 149149 018018 072072 171172 164162 171171 096094 157157 071071 066066 034034 159161 117116 196196 051050 032032 091091 140139 102102 148148 089089 190189 146150 142142 043043 108107 091091 031031 183184 150154 001001 080080 191193 120120 027030 114114 123123 038035 025025 170170 144144 124124 139139 022022 143143 176176 066066 146146 167165 195195 027027 039039 131128 038038 199199 074080 167167 134139 091091 164162 079081 037037 012012 137139 174174 086086 185183 014015 048048 189191 159159 
pop 
8 10 , 074074 044043 122122 124124 030030 057057 021021 181178 154154 188188 017021 199199 069069 096094 095101 133141 195193 118118 185185 148148 191189 182184 019019 002002 126126 019019 069069 138133 129129 149149 018018 072072 171171 163162 171171 094096 157157 074074 066066 034034 161159 116116 197194 050050 032032 091091 140138 102102 148148 089089 190191 146146 142142 043043 108108 091091 031031 183183 154150 001001 080080 191191 120120 030030 114114 125123 039036 025025 170170 144144 125125 139139 022024 145145 176176 063063 146146 167167 195194 022027 039039 128128 038039 199196 080080 167167 135135 091091 164162 079079 036036 012012 139139 173173 090090 183183 015015 048048 189191 159159 
pop 
8 11 , 072072 045044 123122 123123 030029 057057 021021 181181 154154 188192 017017 199199 069069 096096 101101 140134 193193 118118 180180 148148 189189 184184 019019 008008 127127 019019 068067 133138 129129 149149 018018 072072 171172 162163 169169 096094 158158 074074 066066 035035 159159 116116 197194 051050 032032 091090 140138 102102 146146 087087 191190 146146 140141 043043 108107 092092 032032 183183 151150 001001 080080 192192 120120 030029 113113 125125 039036 025025 170170 144145 125125 138139 022022 135135 176176 063066 146146 167165 192195 022022 039039 131128 039039 196198 080080 167167 139135 091091 162162 079079 036036 012012 138137 177177 090090 183183 015015 048048 189189 159158 
pop 
8 12 , 074073 044044 122123 123123 030029 057058 021021 181178 154154 192192 017017 199198 065065 094094 101098 132140 193193 118118 180180 146146 189188 184184 019020 008008 126127 019019 068068 133133 128128 152152 018018 072072 171171 162164 169169 094094 158158 068070 066066 032034 161161 116116 197197 050051 033032 091091 138138 092092 146146 087087 189190 146146 140142 043043 107108 092091 032032 186186 151151 001001 080080 191193 120119 030030 113113 125125 039039 025025 170170 144145 125125 138139 024022 135135 176176 063063 146146 168167 190192 022027 039039 130130 039039 196196 080080 167167 139139 091091 164164 080080 037037 012012 137137 174174 090090 185183 015015 048048 189188 159159 
pop 
8 13 , 074074 045045 125123 123123 030029 057057 021021 179178 154154 192192 021017 199199 065065 094094 098098 133141 193195 118118 180180 148148 190191 184184 020020 008009 129129 019020 068068 133133 129129 149152 018018 072072 171171 162162 169169 095095 158158 071071 066064 033033 161161 116116 197197 049049 033033 092092 138140 102092 146146 089089 190190 146146 140140 043043 107107 091091 032031 186186 151151 001001 080080 193193 119120 030030 118118 125125 039035 025025 170171 144145 125124 139139 022024 145143 176176 065065 146146 168167 194194 027027 034034 130130 039039 196198 080074 167167 139135 091091 164163 079079 037037 012012 137137 174175 090090 183183 015015 048048 189189 159158 
pop 
8 14 , 074074 045044 122123 123124 030030 057057 021021 178179 154155 192192 021016 199199 068068 096096 098098 133132 193195 118118 180180 148148 188191 184184 020020 003008 127127 020020 068068 137137 129129 152152 018018 072072 171171 162162 169169 088095 158157 071068 066066 032032 161161 116119 197194 049050 033032 091092 139140 092092 146146 087087 190190 146146 140142 043043 107107 091091 031031 186186 153151 001001 080080 191193 120119 030030 114114 125125 039039 025025 168170 143145 125124 139140 022022 135145 176176 063063 146146 164164 194193 027027 034034 131131 039039 195198 074074 167167 134135 091091 164164 080079 038038 012012 138137 173173 090090 183183 015014 048048 189189 159159 
pop 
9 5 , 072072 044044 125126 124124 029029 058058 021021 181181 154154 188188 020020 199199 068068 098098 095095 140140 191191 118120 180180 148148 189189 184183 019019 007007 126126 020019 067067 137133 129129 151150 018013 072072 172172 164164 171171 096096 157157 068068 066065 033034 159159 116118 196196 051051 032032 091092 139140 102103 147148 089089 190190 149151 143143 043043 110108 091091 031031 186183 150150 001001 080080 194193 120120 028027 118118 125122 036036 025025 170168 144144 124124 137135 024022 143143 179179 067067 146146 164165 193193 022027 037037 128130 039039 196195 074074 167167 139135 091091 163164 080080 036036 011011 138140 177174 090090 184184 008015 048048 189189 159159 
pop 
9 6 , 072072 044044 125125 124124 029029 057058 021021 182178 154155 188188 019019 199199 068068 094094 095095 134134 193191 120120 185185 148148 188188 184184 019019 007007 126127 020019 067067 137137 129129 149150 013013 073073 172172 163164 169169 096096 157157 068068 066065 034034 159159 116116 196196 051053 032032 091091 139139 103103 148148 089089 189189 151151 142143 043043 108108 091091 031031 186186 150150 001001 080080 191191 120120 027027 118118 123125 036036 025025 170168 145145 125124 137137 022022 143143 176176 067066 146146 165165 193193 022022 034034 128128 040039 196196 074074 167168 139135 091090 164162 079079 038037 011011 139138 174174 090090 185185 008008 047048 191191 157159 
pop 
9 7 , 072072 044044 125125 124124 029029 057057 021021 181181 154155 188188 019019 199199 068065 094094 098101 140140 193193 120120 185185 148148 189188 182188 019019 007002 126126 019020 070068 137137 129129 151151 013013 072072 171172 163163 169171 096096 157157 068068 065065 033034 159159 116116 196196 050051 032032 091091 139139 092102 148146 089089 190190 151151 140140 041043 108108 091091 031031 183186 150150 001001 080081 193191 120120 027027 118118 125125 033036 025025 170170 145145 124124 137135 022022 143143 179176 067066 146146 165165 193193 027027 039034 128128 039039 196196 080080 167168 139135 091091 162162 079079 037036 012012 138138 174174 090090 185184 008008 047047 189189 159158 
pop 
9 8 , 072072 044044 121125 123123 029029 057057 021021 178181 155155 188188 021021 200199 068065 094094 098101 140140 193193 118118 185185 148148 189189 182182 019019 008008 126126 020020 070070 133138 129129 151149 013018 072072 172172 162163 168168 096096 157157 068070 065065 034034 159159 116117 197196 050050 032032 091091 139140 102102 146146 089089 190190 146146 142142 041043 108108 091091 031031 183183 150150 001001 080080 193193 120120 027027 118118 126126 033033 025025 170170 144144 124125 139135 022022 143143 176176 066066 146146 165165 195195 027027 039039 131128 039039 199199 074074 167167 139139 090091 163162 079079 038036 012012 138137 174174 090090 185185 008008 047047 189189 159159 
pop 
9 9 , 071072 044044 125125 123124 029029 057057 021021 182182 154154 192192 021021 199199 065065 094094 101098 141141 195195 118118 180180 148148 189189 184184 019019 003003 127126 020019 070070 138138 129129 151151 018018 072072 171171 164162 168168 094094 158157 068071 066065 034034 161159 117117 197197 050050 032032 091091 140140 092102 146146 089089 190190 146151 142142 043043 108108 091091 031032 183183 151151 001001 080080 193193 120120 027027 114114 125126 039036 025025 170170 144144 125125 139135 022022 143143 176176 063063 146146 165167 195195 027027 039040 128131 039039 199199 080074 167167 138139 091091 163163 079079 037037 012012 139139 174174 090090 185185 015015 047048 189189 158158 
pop 
9 10 , 072072 044044 125125 123124 029029 057057 021021 182182 154154 188192 021019 199199 065067 096094 098098 133133 195195 118118 180185 148148 189189 182181 019019 008008 127127 019019 068069 133133 129129 151151 018013 072072 171171 162163 169169 094096 158158 074070 066066 034035 162162 118116 197197 053053 032032 091091 138138 092092 146147 089089 190190 146146 143142 043043 108108 091089 031031 183183 150150 001001 081081 193193 120120 029029 114114 125125 035033 025025 170170 144144 125124 137139 022022 143143 176176 063063 146146 167167 190195 027027 039039 128128 039039 198198 074080 167167 139139 091091 162164 079080 037037 012012 137137 173173 090090 185185 015015 048048 189189 159158 
pop 
9 11 , 072072 044045 125125 123123 029029 057057 021021 181182 154154 192188 017017 199199 069069 096096 095101 133140 193193 118118 180180 148148 189189 186186 019019 008008 127126 019019 068072 133133 129129 151152 018018 072072 171171 164162 171171 088089 158158 074070 066067 034034 159159 116116 197197 051053 033033 091091 140138 102102 146147 089089 191191 146146 142140 043043 107107 092089 031032 186186 150153 001001 081080 193190 119119 030029 114113 125125 039039 025025 170170 144144 125125 139137 022022 145135 176176 063063 146146 165165 193193 022022 039039 128128 038038 198198 080080 167167 134134 091091 162162 079080 036037 012012 138137 174174 090090 185185 015014 048048 188189 158158 
pop 
9 12 , 072074 044044 125125 124124 029029 057057 021021 178178 155154 192192 020017 199199 065065 094094 095098 133131 193195 118118 182180 148148 189189 186186 019019 008008 127127 019019 067068 133133 129129 152152 013018 072072 172172 164164 169169 094094 158158 070067 066066 033033 161159 118116 197197 050051 033033 092091 138138 102102 146146 089087 190190 146146 142140 043043 107107 092091 031031 186186 150150 001001 080081 193191 120120 029029 113113 125125 035039 025025 170170 144144 124125 139139 022022 135135 176176 063063 146146 167165 193193 022022 040039 128130 038038 198198 080080 167167 139134 091091 162164 080079 036038 012012 137137 174174 090088 183183 015015 048048 189189 159158 
pop 
9 13 , 073074 044044 122121 123123 030029 057057 021021 178182 154154 192192 021021 199199 068068 096094 098098 131133 192192 118118 185180 146146 190189 186184 020020 008008 127127 019019 068068 137133 129129 152152 013018 072072 172171 164164 169169 096089 158158 075075 066066 035032 161161 116116 197197 050051 033033 091091 140138 092092 146146 089087 190190 146146 140140 043043 107107 091091 032031 186186 150151 001001 080080 195193 120120 029029 113118 125125 039036 025025 170170 144144 124124 139139 022022 135135 176176 063063 146146 165165 195193 027027 037037 131130 039039 198198 074080 167167 135135 091091 164164 079080 036038 012012 137137 175174 090088 183183 015015 048048 189189 159158 
pop 
9 14 , 074072 045045 123123 124123 030030 057057 021021 179179 154154 192192 021021 199199 065065 096096 098101 133131 192192 118118 185185 148148 189190 184184 019020 008008 127127 019019 067067 133133 129129 152152 018018 072072 171171 164164 169169 088088 157158 071070 066066 035035 162159 119116 197197 049049 033033 091091 140141 102092 146146 087087 190190 146146 139139 043043 107107 091091 031031 186186 151153 001001 080080 191193 119120 030028 114114 125125 039039 025025 170170 144144 125125 139139 022022 135135 176176 063066 146146 167165 193193 027027 037039 132132 039039 198198 074074 167167 139135 091091 164164 080080 037036 012012 137138 174174 090090 183183 015015 048048 189189 159159 
pop 
10 5 , 072072 044044 126126 124124 029029 057057 021021 178181 154154 192188 019019 199199 068068 096098 095095 140140 192193 118118 186185 148148 189190 182185 019019 007007 126126 020020 067067 137137 129129 149149 018018 072072 171172 164164 169169 096096 157157 068071 066066 033034 159159 118118 197197 051051 032032 091091 139139 103103 148148 089089 190189 151145 143143 042043 108110 091091 031031 186186 150150 001001 080080 191191 120120 027027 118114 123123 036038 025025 169170 144144 124124 137137 022024 143143 176176 067067 146146 164164 193193 022025 034034 126128 039039 195196 080074 167167 139139 091091 162162 079080 036036 011011 138138 174174 090090 185185 015015 048048 191191 159159 
pop 
10 6 , 072072 044044 126125 124124 029029 057057 021021 181182 154154 188188 019021 200200 068068 094094 095095 140140 192193 120120 184186 148148 189189 184184 019019 007007 126127 019019 067067 137137 129129 150150 013014 073073 171171 163164 168169 096096 157157 071071 066065 034034 159159 118117 197194 050050 032032 091091 139139 103103 148149 089089 190190 145145 143142 041043 108108 091091 031031 184184 150150 001001 080080 193193 120120 027027 118118 122123 036036 025025 170169 144144 124124 135137 022022 143143 176176 067066 146146 165165 193193 027022 037040 128128 039039 199196 074080 167167 139138 090091 163162 079079 038037 011011 138138 174174 090090 185185 015008 048048 189189 159159 
pop 
10 7 , 072072 044044 125126 124124 029029 057057 021021 181178 154155 188188 021021 199199 068068 094094 098098 140140 193193 120120 177177 148148 189189 184185 019019 007007 126126 019019 070070 137137 129129 150151 013018 073072 171171 162165 168171 096088 157157 071071 066066 034034 159159 117117 197197 050050 032032 092092 139139 102092 148148 089089 190189 151151 143140 042042 108108 091091 031031 184184 150150 001001 081080 191193 120120 027027 118118 125123 036036 025025 170170 144144 125124 135135 022022 143143 176176 066066 146146 164164 193193 022027 039039 128128 040039 196196 080080 167167 139139 090091 162163 079079 037037 011011 138139 174174 090090 185185 008008 047047 189189 158159 
pop 
10 8 , 072072 044044 126126 124124 029029 057057 021021 182178 155154 188192 021020 199199 065068 094094 101098 140140 193193 118120 185184 148148 189189 181185 019019 008008 126126 019020 070070 133133 129129 150151 018018 072073 171171 163163 169169 096089 157157 068068 066066 034037 159159 117117 197197 050050 032032 091092 139140 102092 147146 087087 190188 146151 142142 042042 107107 092091 031031 183183 150150 001001 081081 193191 120120 027027 114114 123123 033036 025025 170170 144144 125124 139135 022022 143143 176176 066066 146146 164165 195193 027027 039039 128131 039039 199199 074074 167167 139139 090090 163163 080080 036036 012011 138138 174174 090090 185185 008008 047048 189189 159159 
pop 
10 9 , 072072 044044 125125 123124 029029 057057 021021 178178 154154 192192 021021 199200 068067 096096 098098 140140 195195 118118 185185 148148 189189 181181 019019 008008 126126 019019 072070 133133 129129 151151 013018 072072 172171 162163 168169 089089 157157 068068 066066 037034 159159 117118 197197 051050 033032 091091 138140 092092 146146 089089 189190 146146 140140 043043 107107 091091 031030 183183 150150 001001 080080 193193 120120 030027 114114 123125 036036 025025 170170 144144 125125 135135 024024 143143 176176 066063 146146 165165 193193 022028 040039 131128 039039 198199 080074 167167 139138 091091 163163 080080 036037 012012 138138 174174 090090 185185 015015 048048 189189 159158 
pop 
10 10 , 071072 044044 125125 124123 029029 057057 021021 182182 154154 192192 019019 200199 067068 096096 098098 140141 195195 118118 177180 148148 189189 182184 019019 008008 127126 019019 072068 133133 129129 151151 013013 072072 172171 163165 169169 094094 158157 068068 066066 037037 159161 118118 197194 050053 032033 091090 138138 102092 146147 087089 190190 146146 142142 043043 108108 092092 031031 186186 151150 001001 081081 193193 119120 027027 118118 125125 035035 025025 170170 144144 125125 139137 024022 143143 176176 063066 146146 167167 195192 022022 039039 128128 040039 198196 074074 167167 134139 091091 162162 080080 037037 012012 137137 174174 090090 183185 015015 048048 189189 158158 
pop 
10 11 , 072072 045044 125121 124123 030029 057057 021021 179181 154154 192188 019019 199199 065065 096096 098098 140141 195195 118122 180180 146148 189191 184184 019019 008008 126126 019019 068070 133138 129129 151151 018018 072072 172171 162164 169169 094094 158158 070070 066066 034034 161161 118118 197197 050053 033032 090090 138138 102092 147147 087089 190190 146146 142142 043043 107107 092092 031032 186186 150153 002001 080080 193193 119119 029027 114114 125125 035035 025025 170170 143143 125124 139139 022024 135143 176176 063063 146146 168168 195193 022022 039039 128128 038038 196196 080080 167167 139135 091091 162162 080079 036037 012012 137137 174174 090090 183185 015015 048048 189189 159158 
pop 
10 12 , 074074 044044 125122 124123 030030 057057 021021 182182 154154 192192 020021 199199 068068 094096 101101 133133 193195 117122 180185 146146 188188 184184 019019 003008 127127 019019 070068 133133 129129 149149 018018 072072 172172 164164 169169 089088 158158 070070 066066 035035 162161 118118 194197 050050 033033 090091 140140 102102 146146 089089 190190 146146 142142 043043 107107 092092 031032 186186 150150 001002 080080 193193 120119 029029 114114 125125 039035 025025 170170 143143 124124 139139 022022 135143 176176 063063 146146 168165 192195 022022 039039 131131 038038 198198 080080 167167 135135 091091 162162 079079 036036 012012 138139 174174 090088 183183 015015 048048 189189 159159 
pop 
10 13 , 072072 044044 122125 123123 030030 057057 021021 178178 154155 192192 017021 199199 068065 096094 101098 133133 192195 118118 185185 146146 190190 184184 020020 008008 127127 019019 068068 133137 129129 151152 018013 073072 171171 164164 169169 088088 158158 070070 066066 034034 162162 118116 194194 050049 033033 091091 140140 102102 146146 089089 190190 146146 140143 043043 107107 091091 032032 186186 153153 001002 080080 193193 120120 029029 113118 125125 037037 025025 171170 143143 124125 139139 022022 135135 176176 063063 146146 167167 193195 027027 040040 131130 039039 198198 077080 167167 135135 091091 164164 080080 036037 012012 138138 174174 090090 183185 015014 048048 189189 157159 
pop 
10 14 , 074074 045045 123122 123123 030029 057057 021021 178178 155155 190192 021021 199199 067067 096096 098098 131131 192192 118118 180177 146148 189189 184186 019019 008008 127127 019019 068068 137137 129129 151151 018018 072072 171171 164164 169169 089089 158157 070070 065066 035035 162162 118118 197191 049049 033032 091091 140140 102092 146146 087087 190190 146151 140143 044044 107107 091091 031031 186186 151153 002001 080080 191193 120120 030030 113113 123123 039039 025025 168168 144144 124124 139139 022022 145135 176175 063063 146146 168168 193193 022027 037037 131131 039039 195199 080080 167167 139135 091091 163164 080079 038036 012012 138138 174174 088090 183183 014014 048048 189189 159159 
pop 
11 5 , 072072 044044 126121 124124 030030 058058 021021 181181 154154 192188 020020 199199 068068 094098 095095 140140 193191 118118 185185 148148 189189 185185 019019 007007 126126 019019 067067 133137 129129 150149 018015 072072 172171 163163 171169 096096 158158 071070 066066 034034 159159 116116 197194 051051 032032 091091 139139 103103 147147 089089 189190 149149 143143 042042 110110 091091 031031 183183 150150 001001 080080 193191 120120 027030 114118 125125 036036 025025 168169 144144 124124 135139 024022 143143 176176 066066 146146 164164 194193 022022 034034 128128 039039 196195 080080 167167 139139 091091 164164 079080 036036 011011 138138 174174 090090 185185 015008 048048 189188 159157 
pop 
11 6 , 072072 044044 125121 124124 029030 057057 021021 181181 154154 192188 021021 200200 068068 094094 095095 140140 193193 120120 184184 148148 189189 185185 019019 007007 126126 019019 070067 137137 129129 150150 018018 073073 174171 163163 168168 096096 157158 071071 066066 034034 159159 116116 197194 051050 032032 091091 139139 103103 147148 089089 190190 151146 143143 042043 108108 091091 031031 184184 150150 001001 080080 193193 120120 030030 114118 123123 036036 025025 169169 144144 125125 137137 026022 143143 176176 063066 146146 164165 194194 027027 040040 128128 039039 195196 080080 167167 138138 091091 164164 079079 036036 011012 139138 174174 090090 185185 008008 048048 191191 158159 
pop 
11 7 , 072071 043044 121121 124124 029030 057057 021021 178178 154154 188188 020019 200199 068068 094094 098098 140140 193195 117120 184184 148148 189189 185186 019019 007007 126126 019019 070070 137133 129129 151150 018018 072072 172172 163163 168168 088089 157157 071071 066066 035035 159159 117115 197194 050051 032032 091091 139139 093093 148148 089089 189190 151151 142140 043042 108108 091091 031031 183183 150151 001001 081080 193193 120120 030030 118118 123125 036036 027025 168168 144144 124125 135135 022022 143143 176176 063066 146146 164165 195195 022022 040039 128128 039039 199196 080080 167167 138138 091091 162162 079080 036037 012011 139139 174174 090090 185185 008008 048048 189189 159159 
pop 
11 8 , 072071 043044 126126 124124 029029 057058 021021 178178 154154 188188 020020 199199 068068 094094 098098 140140 193193 118118 184184 148148 188189 181186 019019 007003 126126 019019 070070 137138 129129 149150 018013 072072 171171 165165 171169 088088 157157 070068 066066 035035 159159 116117 197197 050051 032033 092091 139140 092093 146147 089089 190188 146146 142142 043043 108108 091091 031031 183183 150150 001001 081081 193193 119120 027032 118118 123123 036036 025025 170170 144144 124124 139135 022022 143143 176176 066066 146146 164164 195195 027027 040040 128128 039039 199195 074074 167167 139139 091091 164164 080080 036036 012011 139140 174174 090090 185185 014014 049049 189189 158158 
pop 
11 9 , 072072 044044 126126 123123 032032 057057 021021 178178 154154 192192 021020 199199 068067 094096 098098 140140 193195 117120 180177 148148 189189 181181 019019 007007 126126 019019 070070 133138 129129 151151 018018 072072 171171 165165 168169 089089 157158 070070 066066 035035 162162 116116 197194 050051 033033 091090 140138 093093 148146 089087 188189 146146 140143 042043 107107 092092 031033 186186 150151 001001 081080 191193 119120 029029 114118 124125 033033 025025 170170 144144 125125 135139 024022 143143 175176 066063 146146 165165 195195 028027 039039 128131 038039 199199 074074 167167 139139 091091 163163 080080 037036 013013 137138 174174 086086 185185 014014 048048 189189 160158 
pop 
11 10 , 072072 044043 125126 123123 029029 057057 021021 182182 154154 192192 021019 198199 068068 096096 098098 141141 195195 118122 177177 146148 189189 184184 019019 003008 126126 019019 068068 133133 129129 151151 018018 072072 172171 162165 168169 094094 157157 070074 066067 037035 159162 118118 194194 050051 032033 090090 140138 102102 146146 089087 188188 146146 143143 043043 108107 091091 031031 186186 150150 001001 081081 193193 120120 027030 118118 123125 033033 026025 170170 143144 125125 139139 022022 143143 176176 063067 146146 165165 192195 027028 039039 131128 039039 196196 080074 167167 139139 091091 161161 080080 037037 012012 137137 174174 090090 183185 014015 048048 188188 158159 
pop 
11 11 , 074072 044044 121121 123123 029029 057057 021021 182179 154154 192192 021019 199199 068067 094096 098098 141141 195195 122122 177185 148148 189189 184184 019019 003003 126126 019019 070072 137137 129129 151151 018018 072072 171172 162165 169169 089089 158158 074070 067067 037037 162162 118118 191191 053051 033033 090090 138138 102102 146146 087087 190190 146146 142140 043043 108107 091092 031031 186186 150150 001001 080081 193193 120119 029029 114114 125125 035035 026026 168168 143144 125125 139139 024024 135135 176176 063066 146146 168165 195195 022022 040039 128128 039038 198198 080078 167167 135139 091091 162162 080080 036036 012012 139139 174174 090090 185185 015015 049049 191188 159159 
pop 
11 12 , 071071 044044 121125 123123 030029 057057 021021 178178 154154 188188 020020 199199 068068 094094 101101 133133 192195 118117 177180 148148 189189 183183 019019 003003 127129 019019 070070 137133 128129 149149 018018 072073 171172 164162 169169 094089 158158 070074 066067 037034 162162 116117 197191 050050 033032 091091 141141 092092 146146 089089 190190 146151 142142 043043 107107 092091 031031 186186 153150 001001 081080 193193 120119 031029 114114 125125 035033 026025 170170 143143 124125 135139 022022 143143 176176 063063 147146 165165 193193 022022 039040 131131 038039 198198 077077 167167 135139 091091 162162 079079 036036 012012 139139 174174 090090 185185 015015 048048 189188 159159 
pop 
11 13 , 072072 044044 123121 124124 030030 057057 021021 182178 154154 192192 017017 199199 067065 094094 098098 133133 195192 118118 177177 148148 189189 184184 019019 003003 127127 019019 068068 133137 129129 150149 018018 073073 171171 164164 169169 089089 158158 070070 066066 034035 162162 118116 191191 049049 033032 091091 140141 102102 146146 089089 190190 151151 140140 044044 107108 091091 031031 186186 151153 002002 080080 191193 120120 030030 118118 125125 037039 025027 170170 143143 124124 139135 022022 135135 176176 063066 146146 165168 195193 022022 040040 130130 038038 196196 077077 167167 134139 091091 164164 079079 036037 012012 137138 174173 090090 183183 015015 048048 189189 157159 
pop 
11 14 , 074071 044044 123123 123123 029029 057056 021021 178178 154154 188188 021021 199199 067068 096096 101098 141133 192192 118118 177177 148148 189191 186184 019020 003003 129126 019019 069069 137133 129129 151151 018018 073073 171171 164164 169169 096089 158158 070070 065065 035035 161161 116118 191196 049049 032032 091091 141140 092092 146146 087089 190190 151151 142142 044044 107107 091091 031031 186186 153153 002002 080080 193191 120120 030030 118113 123122 036036 027025 168168 144145 124124 139139 022022 143135 176176 066066 146147 168168 195193 027027 037037 130130 039039 199196 074074 167167 139135 091091 164163 080080 036036 012012 138138 173173 088090 183185 014015 048048 189189 157157 
pop 
12 5 , 072072 044044 121126 124124 030030 058057 021021 181178 154154 192188 019021 200199 068068 096094 098095 140140 191191 118117 177177 148148 190190 186182 019019 002002 126126 019019 068067 133133 129129 151150 014018 073072 170172 163163 171168 096096 158158 071071 066066 035034 159159 118118 197197 051051 033032 091091 139139 103103 147147 089089 189189 148148 142140 042043 110108 091091 031031 183183 150150 001001 080080 191191 120120 030030 118118 123123 036038 025027 169170 144144 125124 135135 026024 144141 175176 066066 146146 165165 195193 027027 034034 128128 039039 196196 080074 168168 135138 091091 164164 080079 036036 011012 138138 174174 090090 185185 015015 048048 188188 157157 
pop 
12 6 , 072072 044044 121121 124124 029029 057057 021021 177181 154154 188188 019019 200200 068068 096094 095098 140140 191191 120117 184184 148148 189189 185186 019019 007007 126126 019019 070070 133133 129129 151151 018015 073073 170170 163163 168169 096096 158158 071075 066066 034034 159159 116118 197197 051051 032032 091091 139139 103103 146148 089089 190190 146146 143140 043043 110110 091091 031031 184183 150150 001001 080080 191192 120120 030030 118118 123123 036036 027025 169169 144144 125125 135137 022022 144143 176176 066066 146146 165165 193193 027027 039034 128128 039039 195196 080080 167167 138135 091091 164164 079080 036036 012011 138140 174174 090090 185185 008008 047048 188191 159159 
pop 
12 7 , 071072 043044 126126 124125 029029 057057 021021 178181 154154 188188 019019 200200 068067 094094 098098 140140 193193 117117 184184 148148 189189 184186 019019 008007 126126 019019 068068 137137 129129 151150 018018 072072 174170 163163 171168 096096 157158 070070 066066 035035 159159 116118 197197 051050 032032 091091 140139 093092 148148 089087 190190 148148 140140 043042 107107 091091 031031 184184 150150 002002 081081 191191 120120 030029 118118 125125 035038 025025 170170 144144 125125 135139 022022 143143 176176 066066 146146 164165 193193 022027 039039 128128 039039 199199 074080 167167 138138 091091 162164 080080 036037 011011 138138 174174 090090 185185 008008 047048 191191 159159 
pop 
12 8 , 072071 043043 126121 124124 030030 056056 021021 178182 154154 188188 021021 200200 068067 096096 098098 140140 193195 120118 177177 148148 189189 184186 019019 007007 126126 019019 070067 137137 129129 151151 018018 073072 174174 163165 171171 088088 157157 070070 066066 035035 159159 116117 197197 050050 033033 091091 138140 092092 148148 089087 190190 146146 143140 042043 108108 091091 031031 183184 150150 002002 081081 191191 120119 032030 118118 125125 033033 025027 170170 144144 125124 139135 022024 143141 176176 066066 146146 165165 193193 027027 034039 128128 039039 196195 074080 167167 139139 091091 163164 080080 036036 012012 140138 174174 090090 185185 014014 047049 189189 160159 
pop 
12 9 , 072072 044043 126126 123124 029029 057057 021021 182182 154154 188192 020020 200200 067067 096096 098098 140141 195195 117120 177177 148148 189189 181186 019019 008008 126126 019019 068070 133133 129129 151151 018018 072072 171171 165165 168168 089088 157158 068068 066067 035035 159162 116116 197197 050051 033033 091091 138140 102092 146147 089089 188189 146146 140140 042043 107107 091091 033031 183186 151151 001001 080081 193191 120120 029029 118117 125123 033035 026027 170170 144144 125125 135135 024024 143143 175176 063067 146146 165165 192192 027027 034034 128128 039039 195195 074078 167167 139139 091091 164164 080079 036036 013012 138138 174174 086090 185185 015015 049048 189189 160160 
pop 
12 10 , 072072 043043 126121 124123 029029 057057 021021 178182 154154 188192 017021 199199 067068 096096 098098 141133 195195 117122 177185 148146 189188 184181 019019 003008 127126 019019 068068 133137 129129 151151 018016 072072 172171 165165 169168 088088 158158 070070 067066 035035 159159 118118 197194 051051 033032 091091 140140 102102 147147 089089 188190 146146 143140 043043 107108 091091 031031 186186 150150 001001 081080 191193 120120 030029 118118 123123 036036 026025 170170 144144 125125 135135 022022 143135 176176 067066 146146 165165 192195 028028 039039 128128 039039 195195 078078 167167 139139 091091 161161 080080 036036 013012 138139 174174 086086 185185 014015 049048 189189 160159 
pop 
12 11 , 071072 043043 121121 123123 030030 057057 021021 182178 154154 188192 021017 200199 067068 096096 098098 141141 192196 117122 177177 148146 189189 184184 019019 003003 126126 019019 069070 137137 129129 151151 016018 072072 172172 165165 168169 089096 158158 070070 067067 034035 159162 118118 194194 050050 033032 091091 140140 102102 146146 089089 189189 146146 142143 043043 107107 091091 031031 186186 150150 002002 080080 191193 119119 030030 114114 125123 035033 025027 168170 144143 125125 139139 024024 143143 176176 063063 146146 165168 195195 027028 039039 128128 039038 195200 078077 167167 139139 091091 164164 080080 036036 012012 137139 174174 088090 185185 014015 048049 189189 159159 
pop 
12 12 , 072072 043044 121125 123124 029030 056057 021021 178178 154154 192188 017017 200199 068068 094094 098098 141141 192192 117118 177177 146148 189189 184183 019019 003006 126126 019019 070072 137137 129129 150151 018018 072073 171172 164164 168169 096088 158158 070070 066066 034035 159159 118116 197197 050050 032032 091091 141140 092103 146146 087087 189190 146146 142140 043045 108107 091091 031031 186186 150150 002002 080080 193193 119120 031030 114114 125125 035033 025025 168168 144143 125125 139139 024024 141143 176176 063063 147146 165165 195195 027022 039039 128128 039039 198198 078078 167167 135135 091091 164162 080080 036036 012012 139138 174174 090090 185185 015015 048048 188188 159159 
pop 
12 13 , 071071 043044 123125 123123 030031 056057 021021 178178 154154 192192 017021 199200 068067 096096 098098 133131 192192 118118 180177 148148 189189 183184 019019 006003 127126 019019 068068 137133 129129 151151 018018 072073 171171 164162 169169 089089 158158 070070 065066 035035 159158 118116 191197 050050 032032 091091 140138 092102 148146 089087 190189 151151 140140 044043 108108 091091 031032 186186 150150 002002 080080 193193 120119 030030 114118 125123 036033 025027 170168 144144 125125 135135 022022 135135 176176 066066 146146 165165 195193 027027 039040 131128 039039 198198 077077 167167 135135 091091 164164 080080 037036 012012 139138 173173 090088 185185 015015 048048 188189 159159 
pop 
12 14 , 072072 044044 125125 123123 029030 057057 021021 179178 154154 188188 017017 199200 067067 094094 098098 132132 192192 118118 180180 148148 189189 186186 019019 003003 128127 019019 068068 137137 129129 151150 018018 073073 171171 164162 168169 089096 156158 070070 065066 035035 159162 118118 191191 050050 032033 091091 140141 092102 145146 087087 189190 151151 143142 044044 108108 091091 031031 186186 150150 002002 080080 193190 119119 030030 114114 125123 036039 025025 168168 145145 125125 139139 024022 143135 176176 066066 146146 165168 193195 027027 039040 129131 039038 196196 077074 167167 135135 091091 164164 080080 038038 014014 138138 173174 088088 185185 014008 048048 188189 157159 
pop 
13 5 , 072072 044044 126126 124124 030029 057057 021021 178177 154154 188188 021021 200200 068068 096096 098098 140140 191191 118118 177177 148148 190189 186186 019019 002003 127126 019019 068068 133133 129129 151150 015015 073073 170172 163163 171171 096096 157158 072072 066065 034034 159159 118118 197197 048048 032032 091091 139139 103103 148148 089089 190189 148146 142140 042042 108108 091091 031031 183183 154154 001001 081081 191191 120120 030027 118114 123123 038038 027027 170169 144144 125125 135135 024024 141144 175176 066066 146146 165165 195193 022022 034034 128128 038038 195195 080078 167167 138139 091091 164164 079079 036036 013012 138138 174174 090090 185185 008015 048048 189189 157157 
pop 
13 6 , 072072 045044 126126 124124 029029 057056 021021 181177 154154 192188 021020 200200 068068 096096 095098 140140 193193 117117 177177 148148 188190 183186 019019 007007 127126 019019 070070 133133 129129 150150 018015 073073 170170 163163 171171 096096 158158 070070 066066 034034 159159 118118 197197 050051 032032 091091 139139 092092 148148 089089 190190 148148 140140 042042 108110 091091 031031 184183 150150 001001 081080 191191 120120 027030 118118 125123 036036 025025 169171 144144 125125 137137 026022 144143 176175 066066 146146 165165 195195 027027 034039 128128 039038 195195 080080 167167 135138 091091 164164 079079 036036 012012 138138 174174 090090 185185 008008 048048 188189 157159 
pop 
13 7 , 072072 044044 126126 124124 030029 056057 021021 177178 154154 188188 020020 200200 068068 094094 098098 140140 193193 117117 184184 148148 189189 183183 019019 007007 126126 019019 068068 137137 129129 150150 013018 072072 170171 164163 171168 096096 158157 070070 066066 035035 159159 116118 197197 051050 032032 091091 138139 092092 148148 087089 188189 148146 140140 043043 107105 091091 031031 184183 150151 002002 081081 191191 120120 027027 118114 125123 036038 025025 170170 144144 125125 135135 022024 143143 177177 066066 146146 164165 193193 027027 034034 128128 039039 196196 080078 167167 139139 091091 164164 080079 037037 013012 138138 174174 086086 185185 008008 048048 191191 157158 
pop 
13 8 , 072072 045045 126126 124124 030030 057057 021021 181178 154154 192188 020020 200200 068068 094094 095098 140140 191195 117120 177184 148148 188189 183186 019019 007007 126126 019019 070070 137137 129129 151150 018013 072072 171170 165165 168168 088088 157158 070068 066066 035035 159159 116116 197197 051051 033033 091091 138138 092093 148148 087089 188188 146146 140143 043043 107108 091091 031031 184184 150150 001002 081081 191191 120120 032032 117118 123123 036033 025027 170171 144144 125125 139135 024024 143143 176176 066066 146146 165165 195193 027028 034039 128128 039039 196196 080078 167167 139139 091091 164164 080080 036036 012012 138138 174174 090090 185185 014015 048048 191191 157157 
pop 
13 9 , 072072 044044 126126 124124 029029 057057 021021 182178 154154 188192 020020 199199 068067 094096 098098 140141 195195 120120 184177 148148 188189 186186 019019 007008 126126 019019 068068 133137 129129 151151 018018 073072 172171 165165 168168 088089 158158 070070 066066 035035 162162 116118 197197 051051 032033 091091 139138 093093 148148 089087 188189 148146 140140 043043 107107 091091 033031 186184 150151 002001 081081 191191 120120 032032 118118 123123 033033 025025 170170 144144 125125 139135 024024 135135 175175 067067 146146 165165 193193 027028 039039 128128 039039 195196 074078 167167 139139 091091 164164 080080 036036 012012 138138 174174 086090 185185 015015 048049 191189 157159 
pop 
13 10 , 072072 043044 126126 123123 029029 057057 020021 178178 154154 188188 021021 199199 068067 096096 098098 140141 195195 117117 180177 148148 189189 184181 019019 007007 126126 019019 068068 137133 129129 150150 018016 072070 171171 163163 171168 089089 158158 070070 067066 035035 159162 118118 197191 051050 032032 091091 138140 102093 149146 089089 190188 146148 143143 043039 108110 091091 031031 186186 150150 002002 080081 191191 119120 030027 118114 123123 033033 027027 170170 144144 125125 135135 022022 141141 176176 066066 146146 164164 192192 027027 039039 131128 039039 195195 078078 167167 139139 090090 161163 079080 036036 012012 138138 174174 088088 185185 015015 049049 189188 159159 
pop 
13 11 , 072071 044045 125125 123123 030030 057057 021020 178178 154154 194188 017017 199199 068068 094096 098098 140141 196195 117117 184177 148148 189189 184184 019019 003008 126126 019019 068068 133137 129129 151149 016018 072072 172172 162162 169168 088089 158158 070070 066066 035035 159162 118118 197194 050050 032032 091091 139140 102102 148148 089089 188189 146148 142142 043043 107107 089091 031031 186186 150150 002002 080080 193191 120120 029029 118114 123123 036036 025026 170170 144143 125125 135135 024022 143143 176176 067066 146146 165165 192192 028027 039039 128131 039039 200195 078078 167167 135139 091091 164164 079078 036036 012012 138138 174174 090088 185185 008015 049049 189188 160159 
pop 
13 12 , 072072 045043 125126 123123 030029 056056 021021 178182 154154 188188 020017 199199 067067 094094 098098 141141 195196 117118 177177 148146 189189 186181 019019 008008 129129 019019 068068 133137 129129 151151 018018 072072 172172 162162 168168 089089 158158 070071 066066 035035 159159 118118 197191 050050 032032 091091 139138 102102 146146 089089 190190 151148 140142 045045 108110 091091 031031 186186 150150 002002 081080 193193 120120 029030 114114 125125 036036 025025 170170 143144 125125 139135 024024 143141 176176 071063 146146 168165 193192 027027 039039 131131 038039 196196 078078 167167 135135 091091 164162 079078 036036 012012 138138 174174 090088 180185 015015 048048 189189 159159 
pop 
13 13 , 072072 044044 125125 124123 030030 056056 021020 178178 154154 188188 017017 200200 067067 094094 098098 131141 192195 118118 177176 148148 189189 181184 019019 007007 126129 019019 068068 137137 129129 151150 018018 072072 171171 164164 168168 089089 158158 070070 065066 035035 159159 118118 197191 050050 032032 091091 138138 102092 146146 089089 190190 151146 140140 042044 108108 091091 031032 186186 150150 002002 080080 193193 120120 030030 114114 125123 036036 025027 170170 144143 125125 139139 024024 135135 176176 067067 147147 166165 193193 027027 039039 131131 039039 196196 078078 167167 135135 091091 164164 079080 036037 014014 138138 173173 088088 185185 008015 048049 189189 158158 
pop 
13 14 , 071071 045044 125125 123123 030030 056057 021021 178178 154155 188188 020020 200200 068067 096096 098098 132132 192192 118118 180180 148148 189189 186186 020020 007003 128129 019019 068068 137137 129129 151150 018018 072072 171171 164164 168168 096089 158158 071070 066065 035035 161159 118118 191191 050050 032032 091091 140138 093093 146146 089089 190189 146146 140140 044043 108108 091091 031031 186186 150150 002002 080080 193193 120120 030030 114118 123125 036036 025025 168170 144145 125125 139135 022024 135135 176176 066066 147146 165165 195195 027027 040040 131129 039039 196196 078077 167167 135135 091091 164164 079080 037037 014014 138138 174173 088088 185185 008015 048048 189189 157157 
pop 
14 5 , 072072 044044 126126 124124 029030 058056 021021 178178 155153 189192 021020 200200 068068 096094 098098 140140 191193 116118 177177 148148 190190 183183 019019 007007 127127 019019 067068 133133 129129 150150 015015 073073 170170 163164 168169 096096 158157 072075 066066 034034 159159 118118 197197 050048 033032 092091 139139 092092 148147 089089 189190 146148 142142 042042 110108 091091 031031 183183 154150 001001 081081 191191 120120 030027 118117 123123 038038 027027 169169 144144 125125 135137 024024 143143 177176 066066 146146 165164 194194 027027 039034 128128 038039 196199 078078 167167 139139 091091 164164 079080 036036 011011 138138 174174 090090 185185 015015 048048 189189 159157 
pop 
14 6 , 072072 044045 126126 124124 029030 057057 021021 177177 154154 192189 020020 200200 068068 094096 095098 132132 191191 117118 184177 148148 188189 183183 019019 007007 126127 019019 068068 137137 129129 151151 015015 072073 172171 163163 168168 096096 157157 075075 066066 034034 159159 118118 197197 050050 032032 091092 139139 092092 147148 089089 189190 146148 142140 042042 108108 091091 031031 186186 153151 001001 081081 191192 120120 030030 118118 123123 038036 025027 169169 144144 125125 135135 026022 143144 176177 066066 146146 165164 195192 027027 039034 128128 039039 196196 080080 167167 139139 091091 164164 079079 039036 011012 138138 174174 090090 185185 008008 048048 189189 157157 
pop 
14 7 , 072072 045045 126126 124124 029029 057057 021021 177181 154153 188188 022022 200200 068068 096094 095095 141132 192191 117117 184184 148148 189189 183183 019019 003003 126126 019019 068068 137133 129129 150150 018018 072072 171170 163164 168169 096096 158157 070070 066066 035035 159159 116118 197197 050050 032032 091091 140139 092092 148148 089089 188188 146146 140142 042042 105105 091091 031032 186184 151151 001001 080080 191191 120120 032032 117118 125123 036036 025025 170169 144144 125125 139135 022024 143144 177177 066066 146146 164164 195195 027027 039039 128128 039039 195199 080078 167168 139139 091091 164164 079080 036036 012012 138138 174174 090090 185185 015015 049048 189191 157157 
pop 
14 8 , 072072 045045 126126 124124 029029 057057 021021 178178 153153 192188 020020 200199 067067 094096 098098 140140 195191 118117 184184 148148 189189 183183 019019 003003 126126 019019 070068 137137 129129 151150 018018 073073 172172 165165 168168 096096 157158 071071 066066 035035 159159 118116 197197 050051 033032 091091 138138 102102 148148 089089 188190 151146 140140 043042 108108 091091 031031 184184 151151 001001 081080 191191 120120 032032 118117 123123 036036 025027 171171 144144 125125 135135 022022 143135 175176 066066 146146 164164 195195 027027 034034 128128 039039 196195 078078 168167 135139 091091 164164 079080 036036 012012 138138 174174 090090 185185 015015 048048 191191 157157 
pop 
14 9 , 072072 044044 125125 124124 029029 057057 021021 178182 154154 192191 020020 200199 068068 096096 098098 141141 192192 120117 185177 148148 189189 186186 019019 003009 126126 019019 070070 133133 129129 151151 018018 073073 172172 163163 168168 096088 158158 070070 065065 035035 162159 118116 197197 051051 032032 091091 139139 103093 148149 089089 190190 151146 140140 042043 107107 091091 031031 186186 151151 002002 081081 193191 120120 032032 118118 123123 033033 027027 170170 144144 125125 135135 022024 135135 175175 063063 146147 164164 195192 027027 040040 128128 038039 200196 078078 167167 135139 090091 164164 079080 037036 012013 138138 174174 086090 185185 008015 049048 191189 159160 
pop 
14 10 , 072072 044043 126126 124124 030029 057057 021021 179178 153154 194188 020020 200200 068068 096096 098098 141140 193193 118117 184177 148148 189189 184181 019019 009009 126126 019019 070070 137137 129129 151150 018016 072073 171172 163163 168168 088089 158158 070070 066065 032032 162159 116118 197197 050050 032032 091091 139139 092092 149149 089089 190190 146146 143140 043043 110110 091091 031031 186186 153153 002001 081081 193191 120120 027027 114114 123123 036036 027027 170170 144144 125125 135135 022022 135135 176176 063063 146147 164165 192195 027027 039040 128131 039038 196196 078078 167167 135135 090090 164164 080080 037036 013012 138138 174174 088086 185185 015008 049049 189189 159159 
pop 
14 11 , 071072 045043 126126 124123 029030 057057 021021 181178 154154 191194 021017 199199 068068 096096 098098 140133 196193 117117 177184 148148 189189 181181 019019 009009 127126 019019 068068 133133 129129 151151 018016 072072 171172 163165 169168 089089 158158 070070 066065 035032 159159 118118 196197 051050 032032 091091 139139 092093 148148 089089 190190 148148 142140 039039 110110 091091 031031 186186 153153 002002 081081 191191 120119 029029 114114 125123 033036 027027 170171 144143 125125 135135 024024 135135 176176 063063 146147 164165 192195 027027 039039 128128 039039 200200 078080 167167 135135 090090 164164 080080 037037 012012 138138 174174 090086 180185 008015 048048 189189 159160 
pop 
14 12 , 071071 045045 126126 123123 030030 057057 021021 178178 154154 194194 020020 199199 068067 094094 098098 133140 195196 117117 180180 146148 189189 181181 019019 009008 129127 019019 069068 133133 129129 151151 016016 071071 171172 164164 169168 089089 158158 070070 065065 035035 159159 118118 197197 051050 032032 091091 139138 092102 148146 089089 190190 146146 140140 043039 108110 092092 031032 186186 153153 002002 081080 191191 120120 030030 114114 125125 036033 027027 170170 144143 125125 139139 022024 141141 176176 071063 146147 166165 192193 027027 039039 128128 039038 196200 080080 167167 135135 091091 164164 079079 037037 012012 138138 174174 088090 180185 008008 049049 189191 159159 
pop 
14 13 , 071071 044044 125125 123123 029029 057057 020020 178178 154155 188188 020020 200200 067067 094096 098098 133141 195192 117118 180180 148148 189189 181186 019019 009009 129129 019019 068068 133137 129128 151151 018016 072071 171171 164164 168169 089089 158158 070070 066065 035035 158159 118118 197197 050050 032032 091091 140138 103092 146148 089089 190190 151146 140140 042042 108108 091091 032032 186186 153153 002002 081080 191191 120120 030030 114118 125123 036036 025025 170170 144144 125125 139139 024022 135135 176176 071063 145146 165166 193193 027027 039040 131131 039039 200200 078078 167167 135135 091091 164164 080080 037037 012012 138138 174174 088088 183180 014014 049049 189189 159160 
pop 
14 14 , 072072 044045 123126 123124 030030 057056 021021 179178 155155 188188 020020 200200 067065 096096 098098 132132 192193 118118 177180 148148 189190 186184 020020 003007 129127 019019 068068 137137 129129 151151 016018 072072 171171 162164 169169 089096 158158 070071 065066 035035 159159 118118 197191 050050 032032 091091 140140 102093 146146 089089 190190 146148 140142 044042 107107 091091 031031 186186 153153 002002 080080 191191 120120 029030 118118 123123 036036 025025 170170 145145 125125 135135 024024 135135 176176 063071 146146 166165 193193 027027 039039 128128 039038 196196 078078 167167 135135 091091 164164 080080 037037 012012 138138 173173 088088 179185 014014 048048 189189 159160 
