This sample file has been generated by the IBDSim program.
locus1_GSM
locus2_GSM
locus3_GSM
locus4_GSM
locus5_GSM
locus6_GSM
locus7_GSM
locus8_GSM
locus9_GSM
locus10_GSM
locus11_GSM
locus12_GSM
locus13_GSM
locus14_GSM
locus15_GSM
locus16_GSM
locus17_GSM
locus18_GSM
locus19_GSM
locus20_GSM
locus21_GSM
locus22_GSM
locus23_GSM
locus24_GSM
locus25_GSM
locus26_GSM
locus27_GSM
locus28_GSM
locus29_GSM
locus30_GSM
locus31_GSM
locus32_GSM
locus33_GSM
locus34_GSM
locus35_GSM
locus36_GSM
locus37_GSM
locus38_GSM
locus39_GSM
locus40_GSM
locus41_GSM
locus42_GSM
locus43_GSM
locus44_GSM
locus45_GSM
locus46_GSM
locus47_GSM
locus48_GSM
locus49_GSM
locus50_GSM
locus51_GSM
locus52_GSM
locus53_GSM
locus54_GSM
locus55_GSM
locus56_GSM
locus57_GSM
locus58_GSM
locus59_GSM
locus60_GSM
locus61_GSM
locus62_GSM
locus63_GSM
locus64_GSM
locus65_GSM
locus66_GSM
locus67_GSM
locus68_GSM
locus69_GSM
locus70_GSM
locus71_GSM
locus72_GSM
locus73_GSM
locus74_GSM
locus75_GSM
locus76_GSM
locus77_GSM
locus78_GSM
locus79_GSM
locus80_GSM
locus81_GSM
locus82_GSM
locus83_GSM
locus84_GSM
locus85_GSM
locus86_GSM
locus87_GSM
locus88_GSM
locus89_GSM
locus90_GSM
locus91_GSM
locus92_GSM
locus93_GSM
locus94_GSM
locus95_GSM
locus96_GSM
locus97_GSM
locus98_GSM
locus99_GSM
locus100_GSM
pop 
5 5 , 107107 150150 048046 172172 070070 194194 076076 098099 103103 165165 003003 182182 029034 045045 155155 075075 018028 037037 015015 071071 100100 150150 164164 092092 061061 102102 079079 028028 009009 069069 039039 126126 078078 185185 191191 158158 045044 053053 158159 049049 142142 113113 072072 064066 167167 085085 098098 107107 038038 152152 112112 186186 101101 002002 139139 151151 018009 127127 008010 050050 152152 053053 112112 015015 041039 155155 023023 188183 090090 080080 072072 178179 102102 144144 185185 093093 121121 156156 139139 154154 151152 121121 133133 156156 073072 122122 154154 063063 052052 109109 188185 179179 083083 048048 005005 096096 003003 095095 068068 178178 
pop 
5 6 , 111111 151153 048048 172172 070070 194194 076076 099099 107107 164166 003005 179181 029029 045045 156156 075077 028028 037037 015015 071071 100100 150150 164164 111111 061061 104104 076076 025025 024024 069069 039039 127126 078078 184185 189189 158158 045045 053053 158158 049049 145142 113113 072072 064064 164164 085085 096096 104104 041038 152152 112112 186186 101101 004004 139139 148148 009009 132132 010008 050050 152152 053053 112112 013013 041041 155155 023023 188186 090090 078078 073073 177177 102102 143144 185185 093093 123124 161156 140140 154154 152152 121121 133133 156156 072072 122117 154154 063063 052052 109109 185185 186186 083083 047047 005005 096096 004004 095095 064064 173173 
pop 
5 7 , 109111 151153 046046 171171 070070 194194 076076 090090 107107 165165 005005 181179 034034 040040 156156 075074 018018 037037 015015 073071 098098 150150 163164 111113 062062 104104 076076 025025 023023 068068 039039 126126 074075 183183 189189 150150 043043 053053 156156 049049 145145 104104 072072 063064 167167 085085 096096 104104 041041 155155 112112 187186 096096 004002 139139 150150 009009 132132 010010 051051 152152 053053 111111 013013 041041 154154 023023 188188 090091 080080 073073 177177 103103 143143 185185 093093 123124 161161 140140 153153 151151 122122 133133 156153 072072 117117 154154 063063 052052 109109 188185 186186 083087 047047 003003 096096 004004 095095 066064 177177 
pop 
5 8 , 108109 153153 046046 170171 070070 194194 076076 090090 107107 165165 004004 179179 033034 046040 156156 078078 028018 037037 015014 071073 098098 150150 164164 113113 062061 104104 077077 024024 009009 069069 039039 128126 075075 183183 191191 159150 043043 053053 156156 053050 146146 104113 072072 064064 168168 085085 098098 104104 044044 146146 113112 187187 101101 004004 139139 150150 009009 132132 008008 050050 152152 053053 111111 013013 042042 154154 023023 193193 091091 080078 072072 177177 102102 143143 185185 093093 124124 155161 140140 153153 151151 121122 133133 156153 072072 122117 154148 063063 052052 110110 185185 176186 083087 047049 003003 096096 004004 093093 066070 173170 
pop 
5 9 , 108109 153153 046046 171171 070070 194194 076076 098099 106106 161161 005005 181181 033034 039039 156156 078078 028028 037037 014014 071071 098098 150150 165165 113113 059061 104104 076076 024024 009009 068069 039039 127128 075075 183183 191191 159159 043043 053053 158158 050053 145146 106106 072072 064064 167167 085085 098098 107107 044044 155153 113113 187187 098098 004004 139139 150150 009009 132132 010010 051051 152152 053053 111112 014014 042042 155155 023023 193191 091091 078078 071071 177177 102102 146143 186186 094094 124124 155155 139139 153153 151151 122122 133133 156153 072072 117117 148148 064064 052052 110110 186186 176186 087087 049049 013003 094094 008004 093093 066066 177177 
pop 
5 10 , 108108 153153 046046 171171 070070 194194 076076 099091 106106 166166 001001 181181 033033 039039 144144 078078 016016 037037 015015 071071 098100 150150 165163 113113 059059 104104 076076 024024 022022 068068 039039 127127 074074 183183 191191 159159 041041 053053 158158 053053 145145 106106 065065 066064 165168 083083 098097 107107 044041 155155 113113 187187 101098 004004 139139 150150 009009 127127 008008 050050 150150 053053 112112 015013 042042 155155 023023 185191 091091 079078 072072 178178 102102 143143 186186 093093 123123 161161 139139 153153 152151 121121 133127 153153 071071 117117 148148 064064 052052 110110 186186 184184 087087 047047 013013 094094 008008 093093 070070 168170 
pop 
5 11 , 108108 153153 046048 169169 070070 194194 076076 091091 103103 166166 002002 177177 033033 045045 156156 074074 029018 037037 016015 069069 100098 158158 165165 113113 059059 104104 076076 024025 024024 069063 039039 127127 074074 181185 191189 150150 043043 053053 158158 050053 145145 111111 065065 066066 168165 083085 097097 107107 044044 155155 112113 187187 101098 004004 140140 147147 009009 127128 008008 051051 148148 053053 111111 014014 041041 155155 025025 185185 095092 078078 074074 178178 102102 143144 186186 093093 122122 161161 139139 153153 151151 122122 133127 153153 071071 122122 148148 063063 055055 109109 186186 184184 087087 048047 002002 094094 003003 096096 070070 170170 
pop 
5 12 , 108108 153153 048048 171171 070070 193193 076076 091091 103106 161166 002002 177177 033033 045045 156156 074078 016016 037037 016016 069069 098100 150150 164164 113113 061061 104104 076076 024025 022024 063063 039039 127127 087087 181185 191191 159159 041041 053053 158158 049050 145145 105106 065065 066066 168168 085085 097097 104104 044044 154154 112113 187192 098098 004004 139140 147147 009009 130130 008008 051051 148148 053053 111111 014014 041041 155155 023023 185185 095091 078078 074074 178177 102107 144144 186186 093093 122122 160160 139139 153153 152151 119119 134134 153153 071071 122122 154154 063063 055055 109109 186186 184184 087087 048048 005005 094094 008003 096096 070070 170169 
pop 
5 13 , 108108 153153 048048 171171 070070 192192 076076 091091 106106 166166 002002 177177 034033 045045 144144 074074 029028 037037 015015 062069 098098 158158 164164 113113 059061 104104 077077 025025 019019 063063 041041 127127 087087 181181 191191 159159 041041 054054 161161 050050 145145 105105 065065 066066 168168 085085 098098 101101 044044 154154 113113 189187 098098 003003 139139 147147 012012 130130 005008 051051 148148 053053 112112 015015 044041 155155 023023 185185 092092 078078 074074 179177 107107 143143 186186 093093 122122 160160 140140 153153 152151 119119 134134 150150 071071 122122 148152 063063 055055 115115 185185 184184 088088 048048 002002 094094 008008 096096 070070 175175 
pop 
5 14 , 108108 153150 048048 171171 072072 192192 076076 098098 106106 166166 002002 181175 033033 040040 146146 074078 018029 037037 015015 069069 100100 150150 164164 112112 059059 104104 077077 028028 019019 063063 039039 127127 087087 181181 191191 151159 041041 055055 161161 046050 146145 105105 072072 064064 168168 085085 098098 107107 044044 154154 113113 187189 098098 003003 139139 147150 009012 130130 005005 051051 150150 053053 111111 015016 042042 155155 022023 185185 091092 078078 072072 177177 107107 146146 186186 092092 122122 160160 139140 153153 152151 119119 127132 153150 071071 122122 148148 063063 055055 115115 186186 179179 087087 048047 002002 094094 008008 093093 070070 170170 
pop 
6 5 , 107107 150150 046046 172172 070070 194194 076076 099099 107107 165165 003006 182181 029029 045045 155155 075075 018018 037037 014014 071071 098100 150150 162162 092092 061061 102102 079079 028028 024024 064064 039039 127127 076076 185185 191191 151151 045045 053053 158159 049049 142142 111111 072072 063063 167167 085085 098098 107104 038038 152152 112112 186186 101097 002002 139139 148148 018018 127127 008008 050050 152150 054054 111112 013013 039039 155155 023023 183183 090090 080080 072072 179179 102102 144143 185185 093093 121123 156156 139139 154154 151151 122121 133133 156156 073073 122122 154154 063063 052053 110109 188188 176176 083083 047047 005005 095095 003003 093093 063063 177169 
pop 
6 6 , 107107 150150 046046 171172 070070 194194 076076 099099 107107 165165 003003 179179 034034 045045 156156 075075 018018 037037 015015 071071 100100 158158 162162 111111 061061 104101 076079 028025 023023 068069 039039 127127 076076 185185 191191 150150 045045 053053 159159 053049 146146 104104 072072 064064 168168 085085 096096 104104 038038 152152 112112 186186 101101 002002 139139 148148 019009 134134 007008 050050 152152 053053 112112 013013 042042 155155 025025 186186 090090 080080 072072 177179 103103 143143 185185 093093 123123 156156 140140 154153 151151 122122 133133 156156 073073 122122 152154 063063 052052 109109 188188 176184 083083 047047 005005 096096 003004 093093 063068 177173 
pop 
6 7 , 111111 151151 046048 170170 070070 194194 076076 099098 107107 165165 005005 179179 034034 046046 143143 074074 028028 037037 014014 071071 098098 150150 163162 111111 058061 103103 076076 025025 023023 065065 039039 127127 074074 184184 191191 150150 045045 053053 154154 053053 146145 111111 072072 063063 167167 085085 098098 104107 044041 155155 112112 187187 101101 002002 139139 148148 019019 134134 008008 050050 152152 053053 112112 013013 042041 155155 023023 191191 090090 080080 072072 177177 103103 143143 188188 094094 123123 156156 139139 154154 151151 122122 133133 156156 075073 117117 154154 063063 052052 110109 188188 186186 086086 047047 005005 096096 004004 093093 066067 177177 
pop 
6 8 , 111111 152152 048048 170169 070070 194194 076076 099099 107106 165165 004004 180180 033033 046046 154154 078078 028028 037037 014014 071071 098098 150150 163163 113111 058058 103104 076076 024024 023023 068068 039039 128128 075075 183183 191191 150150 041041 053053 156158 050050 146146 106106 072072 064064 168168 085085 098096 104104 044044 146146 112113 187187 101101 004004 139139 148148 021021 130130 008008 051050 152150 053053 112112 013013 041041 155155 023023 191191 090090 078078 071071 177177 103103 143143 186186 094094 123123 156156 139139 151154 151151 122122 133133 153156 073073 122122 153153 064063 052052 110109 188188 184184 086086 048048 005005 096096 004004 093093 066066 173177 
pop 
6 9 , 108111 153153 046046 171171 070069 194194 076076 098098 106106 161161 001001 180180 033033 045045 156156 078078 028028 037037 014014 071071 098098 150150 163165 113113 061061 102102 076076 024024 022009 068068 039039 128128 075075 183187 189191 159159 043043 053053 159154 048048 146146 111106 065072 063063 168168 085085 098098 104104 039039 153146 113113 187187 098101 004004 139139 150148 021021 127127 008008 051051 150150 053053 111111 013013 042042 155155 023023 191191 091091 081081 072071 177178 103102 143143 186186 094093 124124 162162 139139 153153 152152 122122 133133 153153 072072 117117 153153 064064 053053 110110 186186 184184 083087 048048 002002 094094 008008 093093 066063 177177 
pop 
6 10 , 108108 151151 046046 171171 070070 194194 076076 098098 106106 166166 001001 181181 033033 039039 144144 074074 018018 037037 014014 071071 102102 150150 163163 113113 058058 104102 076076 028025 024024 068068 039039 127127 075075 183183 191191 159159 041041 053053 159159 048048 145145 106106 062072 066066 171171 085085 097095 107107 041041 146154 113113 187187 101101 004004 139139 150150 009009 127127 010010 051051 150150 053053 112112 015013 042042 155155 023023 183191 092091 078079 072072 178178 102102 143143 186186 092092 123123 162161 139139 153153 151151 122122 127127 153153 071071 117117 155155 064064 052052 110110 186186 184184 087087 048048 002005 094094 008008 093093 063063 170170 
pop 
6 11 , 108108 153153 048048 169171 070070 194194 076076 098098 106106 166166 001001 181181 033033 039039 156156 074074 029029 037037 014014 071071 102102 158158 161161 113113 058058 102102 076076 024024 024024 069063 039039 128128 087087 185185 189189 150159 041041 053053 159159 048048 145145 111111 072072 064066 168168 085085 098098 107104 044044 154154 112112 189189 101101 004004 140140 150147 009009 128127 008008 051051 150150 053053 111111 014015 042042 155155 025025 191191 091091 079079 072072 178178 102102 143143 186186 093093 121121 160161 139139 153153 151151 122122 133127 153153 071071 117117 148148 063063 056056 109109 186186 184184 087087 048048 002002 094094 008008 096093 067070 170170 
pop 
6 12 , 108108 150153 048048 171171 070070 192192 076076 098098 106106 161161 002002 177177 033033 045045 156156 074074 029016 037037 014014 063063 101101 158158 164164 113113 058060 104104 076076 024028 022022 063063 039039 127127 087091 181181 189191 159159 041041 053053 154154 050050 145142 106106 065072 066066 168168 085085 098098 104104 044044 154154 113113 186186 101098 002002 139139 147147 012012 130130 008008 051050 150150 053053 111111 014014 042041 155155 022022 185185 091091 079079 074072 178178 107107 144144 189186 093093 121121 160160 139140 153153 152152 121121 133133 153153 069069 122122 148154 063063 056056 109109 186186 177177 087087 048048 002002 094094 008003 093096 067070 168168 
pop 
6 13 , 108108 153153 048048 171171 070072 192192 076076 091091 106106 166166 002002 177177 033033 045045 144144 074074 029029 037037 015015 063069 101099 158150 164164 113113 061061 104104 077077 027027 019019 063063 039039 128128 087087 181181 189189 159150 041041 053053 161161 050050 142142 105106 065065 066066 168168 085085 098098 107107 044044 154154 113113 192192 096096 003003 140140 147147 012012 130130 005008 051051 150148 053053 112112 016016 042042 155155 023025 185185 091091 078078 074072 177177 107107 143143 186186 092093 122122 160160 139139 153153 152152 121121 133133 150153 071069 122122 152152 063063 055055 115115 186186 177177 088087 048048 002002 094094 008008 093093 070070 175175 
pop 
6 14 , 108108 153150 048048 171171 072072 192192 076076 098098 103103 166166 002002 175175 033033 045045 144144 074078 028028 037037 015015 062062 100100 150150 164164 092113 059059 104104 077077 027023 024024 063063 041039 128128 087087 184184 189189 150150 041041 054054 158161 050050 146146 111111 065061 064064 168171 085085 098098 107107 044044 154154 113113 192192 098098 003004 138138 144150 012012 130130 008008 051051 150150 053053 112112 016015 042042 155155 025025 187187 092092 079079 074074 177177 104104 146146 186186 093093 122122 160160 141141 153153 152152 122122 127127 153153 071071 120120 148148 064063 055055 115115 186186 178179 087087 048048 002002 094094 008008 093093 063063 170170 
pop 
7 5 , 107107 151151 048046 172169 070070 194194 076076 091091 103103 165165 003003 181181 029029 045045 143143 075075 018018 037037 014014 069069 100100 150150 163163 092110 061061 102099 079079 029028 023023 067067 040040 127127 076076 185185 191191 151151 045045 053053 159159 049049 142142 111111 064064 064064 169169 085085 098098 107107 038044 155155 112112 187186 097097 003003 139139 148148 018018 128128 007007 050050 150150 053053 111111 016016 039039 155155 023023 186186 090090 080080 072072 179179 102102 143143 185185 093093 121123 156156 139139 154154 151151 121121 133133 156156 073073 122122 152152 063063 052052 110110 188188 176176 083083 048048 003003 095095 003003 095095 063063 177169 
pop 
7 6 , 107107 151150 046046 169171 070070 194194 076076 098098 103103 165165 003003 182182 033033 045045 154154 074074 028028 037037 018018 069071 098100 150150 163163 111111 061061 103103 079079 028028 023023 065065 039039 127127 076075 184184 189191 150150 045045 053053 154159 053053 142142 104104 072064 063064 168168 085085 096098 104107 041038 155155 112112 187187 101101 002004 139138 148148 009009 127134 005008 050050 152150 053053 112112 016016 041041 155155 025023 186186 090090 078078 072072 179179 103103 143143 185185 093093 123123 156156 139139 154154 151151 122122 133133 156156 072072 122122 152152 063063 053053 110110 188188 184184 083083 048048 003003 095095 004004 095095 063063 177177 
pop 
7 7 , 111107 151151 046046 171170 070070 195195 076076 098098 103103 162162 005005 180180 033033 040040 155143 074074 018018 037037 014014 071071 098098 150150 163163 111111 060060 103103 079079 025025 023023 068068 039039 127127 074074 184184 189189 150150 041041 053053 154154 053053 146146 111111 072072 064064 167167 085085 098098 107107 041044 155155 112112 187192 101096 002004 138138 148148 021021 134132 005005 050050 152152 053053 112111 013013 041041 155155 023023 184193 090090 080080 072072 177177 103103 143143 188188 094093 123123 161161 139139 154154 151151 122122 133133 156156 073072 117117 152154 063063 053053 110110 188188 184184 083083 048048 003002 095095 004004 095093 067067 177177 
pop 
7 8 , 107107 151151 046046 169169 070070 195195 076076 099099 103106 165165 005005 180180 033033 039039 154154 078078 028028 037037 014014 071071 098098 150150 163163 113111 060058 103103 079079 024024 023023 068068 039039 128128 075078 184184 191189 150150 041041 053053 154154 050050 142142 106106 072072 064064 167167 085085 098095 104104 044044 146146 112112 192192 101101 004004 139139 148150 021021 127127 008010 051051 150150 053053 111111 016013 041041 155155 025025 193191 090090 078078 072072 177177 103103 143143 186186 094094 123123 156156 139139 154154 151151 122122 133133 153153 073073 117117 152152 063062 053053 109110 186188 184184 083083 048048 002002 094094 004004 093093 067066 177177 
pop 
7 9 , 108108 153153 046047 170170 070070 194194 076076 099099 106106 161165 005005 182181 033033 039045 156141 078078 018028 037037 014014 071071 098102 150150 163163 113111 058058 102102 079076 024028 009009 068068 039039 128128 075075 187183 189189 159159 045045 055055 159159 048048 142142 111111 072072 064064 168168 085085 098098 107104 039044 155155 113112 192192 101101 004004 139139 148148 009009 127127 010010 050051 152150 053053 111111 016016 041041 155155 025025 183183 092090 078078 072072 177177 103103 143143 187189 094094 121121 162162 139139 153153 152152 122121 133133 153153 073071 117117 152152 063063 053053 110110 186185 184184 083087 048048 005005 094094 008008 093093 066066 175175 
pop 
7 10 , 108108 151151 046046 171171 070070 194194 076076 099099 103103 166166 001002 181181 029029 039039 156156 074078 018018 037037 014014 071071 102102 150150 163163 113113 058058 104104 079079 028025 022024 068068 039039 128128 075075 184184 189189 159159 041041 053053 154159 048048 146146 111111 072072 064064 171171 085085 098095 104107 044044 146146 113113 188187 101101 004004 142139 148148 009009 127127 008008 051051 150150 053053 112112 013013 042042 155155 023023 183183 091092 078078 072072 178177 102102 143143 189189 094094 121123 162161 139139 153153 152152 122122 127127 153153 071071 117117 154154 063063 056053 110110 186186 184184 087087 048048 005005 094094 008008 093093 067067 177177 
pop 
7 11 , 108108 153153 048048 171171 070069 194194 076076 099099 103103 166160 002002 177177 033033 045039 144144 078078 029029 035035 014014 071071 102102 150150 161161 113113 060060 104104 079079 028028 022022 069069 039039 128128 075075 183183 189189 159159 041041 055055 154154 050050 146146 111111 065065 066066 171171 085085 098095 104104 044044 154154 113113 187187 101101 005004 139139 147147 009009 130127 008008 051051 151151 053053 112112 014014 042041 155155 025025 185185 090090 079079 072072 177177 102102 143143 189189 093093 121121 161161 139139 153153 151151 122122 127127 153153 071071 117117 154148 064064 056056 109110 186186 177177 087087 048048 005002 094094 003008 096096 067067 177177 
pop 
7 12 , 108108 153153 046046 171171 070070 194192 076076 098098 108108 160160 002002 177177 033033 045045 156144 074074 029029 035035 015015 069069 102102 150156 164164 113113 060060 104104 079076 028024 022019 063063 039039 127127 087087 185183 189189 159159 041041 055055 161161 050050 146146 111111 065065 066066 168168 085085 098098 104104 044044 154154 113113 186186 098098 004004 139139 147147 009009 130130 008008 051051 150151 053053 111111 015015 042042 154154 025022 185185 090091 078079 072072 177177 104104 143144 189189 093093 122122 161161 140139 153153 152152 119119 127127 153153 069069 120120 154154 064064 056056 109109 186185 179179 087087 048048 002002 094094 008008 093093 068067 170170 
pop 
7 13 , 108108 153153 048048 171171 070070 192192 076076 098098 108108 161161 002002 177177 034034 045045 144144 078078 029029 035035 015015 069069 102099 156150 164164 113113 061061 103103 079075 028028 019019 063063 039039 128128 087075 181181 189189 150150 041041 053053 161159 050050 146146 111111 065065 066066 168168 085085 098098 101104 044044 153153 113113 192192 101096 002002 139138 150147 009009 130130 008008 052051 148150 053053 112112 015015 042042 154155 025022 185185 092092 078078 074074 177177 104104 143143 189189 093093 122122 161161 139139 153153 152150 119119 127127 153153 071071 122122 148152 063064 055055 109109 185185 178177 087087 048048 002002 094094 008008 093093 068068 177177 
pop 
7 14 , 108108 150150 048048 171170 072072 192192 076076 098098 103103 161161 005005 175175 033033 045040 144144 074078 029029 035035 015015 062062 102099 156156 161161 112112 061061 101104 076076 027027 019019 063063 039040 128128 087087 184184 189189 157157 041041 054054 159161 050050 146146 111111 061065 064064 164164 085085 098098 104104 044044 146146 113114 189192 098098 002004 138138 150150 009009 130130 008008 050050 150150 053053 112112 015015 042042 154154 025025 187187 092092 079079 074074 177177 104104 143146 186186 093093 122122 160160 141139 153153 152152 122122 127127 153153 071071 120120 148148 063063 055055 109109 186186 179179 082082 048048 002002 094094 008008 093093 063063 170170 
pop 
8 5 , 107107 153153 046046 169169 070070 194195 081075 098098 107103 162162 006006 181180 033033 045045 154143 075075 018018 037037 019018 069069 100100 158158 163163 113113 061061 104104 076076 028028 009023 068068 040040 127127 075075 184184 191191 151151 045045 053053 159159 052052 142142 104111 072066 064064 164164 087087 095095 104104 044044 146146 112112 187187 097097 003003 139139 148148 018018 134133 007007 050050 150150 053053 111111 016016 041041 155155 025025 193193 090090 080080 072072 179179 107104 144143 185185 091091 121123 161161 139139 154154 152152 121121 133133 156156 073073 121122 151151 063063 056056 109109 188188 176176 088083 048048 002002 095093 004004 095095 068063 169169 
pop 
8 6 , 107107 151151 046046 169169 070070 194194 081081 098099 103103 162162 003003 182182 033033 039039 155155 075075 018018 037037 018018 071071 098100 158158 163163 113113 062062 103103 079079 028028 023023 068068 039039 127127 075078 184184 191191 151151 045045 053053 159159 052052 145145 104104 066066 064064 169164 087087 098098 104104 041041 155155 114114 187187 096101 002003 139139 148147 021021 134134 008007 050050 152152 053053 114114 016016 041041 155155 025025 184184 090090 078078 072072 179179 103103 144144 185185 093093 121122 156156 139139 154152 152152 122121 133133 156156 072073 122122 152152 062062 056056 110110 188188 176176 083083 048048 002002 093093 004004 095095 067067 177178 
pop 
8 7 , 107107 151151 046046 169169 070070 195195 076076 098099 108103 162162 003005 180182 033033 045045 155143 077077 018018 037037 014014 071071 098100 158158 163163 111111 062062 102102 079079 025025 023024 068068 039039 127127 078078 184184 191191 151150 045045 053053 154154 052052 142146 113113 066066 064064 164164 085085 098098 104104 041041 155155 112112 187187 101096 004004 139139 147147 021021 134134 008008 051051 151151 053048 111111 013016 042042 155155 023023 184184 090090 078078 072072 179179 103103 143143 189186 093093 123123 156156 139139 154151 151152 121122 133133 156156 072072 122122 152153 062062 053053 110110 188188 177177 083083 048048 002002 093093 004004 095093 067067 177177 
pop 
8 8 , 107107 151151 046047 169169 070070 195195 076076 099098 106106 165165 005005 182182 033033 045045 141154 077077 018018 037037 014014 071071 098098 158158 162162 111111 060060 102102 079075 024024 025024 068068 039039 128128 078075 184181 191191 150150 045045 053053 154154 050050 142142 111111 064064 066066 164167 085085 098098 107100 044041 146146 112112 187187 096096 004004 138138 150150 010009 134134 008008 050050 151151 053053 111111 016016 042042 155155 023023 184184 090091 078078 072072 177177 103103 143143 188186 093093 123123 161156 139139 151154 152152 121121 133133 156153 072072 122122 153152 062063 053053 109109 188188 184184 083083 047047 002002 093093 004004 093093 067067 177177 
pop 
8 9 , 107107 150150 047047 170170 070070 194194 076076 099099 108108 160160 005005 177177 034033 045045 141141 074074 018018 036036 014014 071071 098098 158150 162162 111111 058058 102102 079075 025025 009024 068068 039039 128128 075075 184184 189189 159159 045045 055055 159159 048048 145145 111111 062062 066066 168168 085085 098098 104104 039039 146146 113113 192187 101101 004004 142138 150150 010009 127134 008008 050051 150150 053053 111111 013013 041041 155155 025025 193193 090091 078079 072072 177177 102102 144144 187187 093093 123123 161161 139139 154154 152152 121121 133133 156156 071073 117117 148152 063063 056056 109109 186186 184184 083083 048048 002002 094094 004004 093093 068068 177175 
pop 
8 10 , 107108 151151 046047 171171 070070 194195 076076 099099 106106 166166 002005 182182 033029 045039 144144 074078 018018 036036 014014 069069 102102 150150 162163 113113 060060 102103 079079 028028 025022 068068 039039 128128 075075 184184 191191 159159 041041 053053 154154 047047 145145 104104 062062 064064 171171 085085 098098 104104 039039 146146 113113 188188 102102 007007 142142 150150 010010 127127 008005 051051 151151 053053 112112 015015 041041 155155 025025 183183 091091 079078 072072 177177 104104 143143 189189 093093 123123 162162 140140 154154 152152 120120 127127 153153 071071 117117 154154 063064 056056 109109 186186 184184 083083 048048 005005 094094 008008 093093 070070 175175 
pop 
8 11 , 108108 153151 046046 171171 070070 194194 076076 090090 103103 160160 005002 177177 034034 039039 156156 074074 018018 035035 014014 071071 102102 150150 163163 113113 060060 103104 079079 028028 022024 069069 039039 128128 087075 183183 191191 150150 041041 053053 154155 050050 142145 106106 065065 064064 171171 085085 098098 104104 039044 153153 113113 188188 101101 004004 139142 147147 009009 128128 008008 051051 150150 053053 112112 015015 041041 155155 022022 184185 091091 079079 074074 177177 103103 143143 189189 093093 121121 159161 140140 154154 152152 121121 133133 153153 071071 117117 154154 064064 056056 110109 186186 184184 087087 049049 005002 094094 008008 093093 063063 177175 
pop 
8 12 , 108108 150150 048048 170170 070070 194192 076076 098098 102102 166166 005005 177177 033033 045045 144144 078075 029029 035035 015015 069069 102102 150150 163163 113113 060061 104104 076079 024028 024024 063063 039039 128128 087087 184184 189189 150150 041041 055053 154154 050050 145146 106106 072065 066066 171171 085085 098098 104104 039039 154154 113113 192192 098101 004004 139139 147147 009009 128128 008008 052052 150150 053053 112112 015015 041042 158158 022022 185185 091091 079079 072074 177177 104104 143143 190190 093093 122121 159159 140140 153154 151151 122122 127127 153153 069072 117117 154154 064064 056056 109109 186186 179179 087087 048048 002002 094094 008008 093093 063063 177175 
pop 
8 13 , 108108 150150 048048 170170 070071 192192 076076 090090 102102 166166 002002 177180 033033 045045 147144 078074 029029 035035 015015 069069 102102 156156 163163 113113 061061 104103 076076 024023 024024 063063 039039 130130 087087 184184 189189 150150 041041 053053 155159 050050 146146 111111 065065 066066 168168 083085 098098 107107 039039 153155 114114 192192 100100 004004 139138 150150 009009 130130 008008 052052 151151 053053 112112 015015 042042 155155 022022 185185 092092 078079 074074 177177 104104 143143 189189 093093 122121 161161 140140 153153 150150 119119 127127 153153 071071 120120 148148 063063 053053 109109 188188 179179 087087 048048 005005 094094 008008 093093 068068 177177 
pop 
8 14 , 108108 150150 048048 171171 070070 192192 076081 098098 103103 161161 005005 181177 034034 048048 145145 074074 018018 035036 015015 063063 095095 156156 161161 112112 061061 104104 076076 023023 024024 063063 040040 131131 088088 184184 189189 150157 041041 055055 155155 050050 146146 105105 065065 064064 164164 085085 098098 107107 039039 146146 114114 189192 098101 004002 138138 150150 009009 130130 008008 051051 150150 053053 112112 015015 042042 154154 025022 185185 092092 079079 074074 177177 104104 146146 189186 093093 122122 160159 139139 153153 150150 119119 127127 153153 071071 119119 148148 063063 055056 109109 188188 179179 087087 048048 001002 094094 006006 096096 068068 175175 
pop 
9 5 , 107107 150150 046046 169169 070070 194194 076076 098098 103103 162162 006006 182182 033033 039039 143143 075075 018019 037037 018018 071069 098098 151158 162163 092092 061061 104104 076079 028025 009009 064064 040039 127127 073073 184184 191191 151150 045045 053053 159159 052052 142146 111111 064064 064064 169169 083083 095094 104104 043044 146146 112112 187187 098096 003003 139139 147147 009020 133133 007007 050050 150150 053053 111111 016016 041041 160160 021021 193193 091091 078078 072072 181181 104104 144144 185185 092092 123123 161161 139139 154154 151151 121121 133133 156156 073073 121121 153151 063063 056056 109109 186188 185176 083083 048048 002002 093093 003004 095095 068068 177167 
pop 
9 6 , 107107 150150 046046 171171 070070 195194 081081 098098 108103 162162 005005 182182 033033 045045 141143 074074 018018 037037 014018 071071 100100 158158 163163 092092 061061 104104 079079 028028 023023 064064 040040 127127 078073 184184 191191 151150 045045 056055 154154 052052 145142 111104 066066 063064 167168 083083 094094 104104 041041 145145 112112 187187 096096 002003 139139 148148 019019 133133 005005 051050 152152 048048 111111 016013 041041 155155 021021 185185 091091 078078 072072 179179 103103 143144 186186 093093 122123 161161 139139 152152 151151 122122 133133 156156 073073 121122 151152 064064 056056 109109 188188 184176 083083 048048 002002 093093 004004 095095 063068 177177 
pop 
9 7 , 107107 150151 046046 169171 070070 195195 076076 098098 108108 162164 003003 182182 033033 045045 141154 075075 018018 037037 019014 071071 098098 158158 163163 092113 062062 102104 079079 028028 023023 068068 039039 128127 075075 184184 191191 159150 045045 055055 154154 037037 142142 111111 064062 063063 164168 085085 098098 104104 041041 155155 113113 187187 096096 004003 139139 148148 009009 134134 005005 050050 150150 048048 111111 013013 042041 155155 025025 194184 090090 078078 072072 177177 103103 144144 189189 093093 122122 161161 139139 154154 152152 122120 133133 156156 072072 122122 152152 062064 056056 109109 188188 184177 083083 048048 002002 093093 004004 094094 067068 177177 
pop 
9 8 , 108107 150150 046046 169169 070070 194194 076076 099099 106108 164164 005005 182181 034034 045045 154154 075075 018018 037037 015015 071071 098098 158150 163163 113111 060060 102102 075075 024024 025023 068068 039039 128128 075075 184184 191191 150159 045045 053055 153153 038037 142142 111113 064062 064064 168168 085085 098098 104101 044044 146146 113113 187187 101101 004004 138138 148148 010010 134134 008008 051050 150151 053053 111111 013013 042042 160160 021023 194194 090090 078078 072072 179177 103103 144143 188189 093093 123123 161161 139139 151151 151152 120120 133133 156156 073073 117117 153153 064064 056053 109110 188188 184184 087087 048048 002002 093093 002002 093093 068067 177177 
pop 
9 9 , 108108 151150 046046 171171 070069 194194 077076 099099 104104 164164 003005 182182 034034 045045 141141 075075 018018 035037 015015 071071 098098 150150 161161 113113 060060 104102 075075 025028 024024 068068 039039 128128 075075 184184 191189 159159 045045 055055 154154 037037 146142 111111 065062 066066 168168 085085 098098 104104 042042 146146 113113 187187 096101 004004 140138 150150 009009 127127 008008 051051 151151 053053 112112 014014 041042 155155 025025 193193 096096 079079 072072 177177 103103 143143 189189 093093 123123 161161 139139 154154 152152 120120 133133 156156 073073 117117 153153 063062 053053 109109 185185 184184 083083 048048 002002 093093 008008 093093 067067 177177 
pop 
9 10 , 107108 151151 046046 171171 069069 195194 077077 098099 104104 164164 005005 182182 029029 045045 142144 075075 018018 035035 014015 071071 096096 150150 163163 113113 060060 104104 075075 028028 025025 068068 039041 128128 075075 184184 191191 159159 041041 053053 154154 047047 142142 104104 062065 063063 171168 085085 098098 104104 039039 146146 114114 187188 096096 004002 140142 148148 009009 127127 005005 051051 151151 053053 112112 015015 041041 155155 025025 193193 091096 078078 075075 179179 103103 143143 189189 093093 122122 161161 140140 154154 152152 122120 127127 156156 072072 117117 154154 062062 056056 109109 186186 184184 083083 048048 005005 094094 004008 093093 070070 175175 
pop 
9 11 , 108108 152152 046046 171171 069069 192194 076076 090090 104108 166166 002002 180180 033029 045045 144144 075075 029018 035035 014014 071071 102102 150150 162163 113113 058058 103104 075075 028028 024024 068068 041041 128128 075075 184184 189191 155155 041041 055055 154154 037037 145145 104104 072072 063063 168168 085085 098098 104104 039044 153153 114113 188187 101101 004004 140140 148148 009009 127127 005005 051051 150150 053053 111111 015015 041041 155155 025025 184184 090090 079079 075075 179179 103103 143143 189189 093093 122122 161157 140140 154154 152152 122122 127127 153153 071071 122122 154154 064064 056054 109109 186186 184184 087087 048048 005005 094094 008008 093093 070070 177177 
pop 
9 12 , 107107 152152 046046 171171 070071 192192 076076 098098 108108 166166 002005 180180 029029 040040 147147 075075 029029 035034 014014 071071 102102 150158 161163 113113 061061 104104 079079 024024 019019 063063 039039 128128 075087 184184 189189 150150 041041 055055 159154 037037 145145 104111 072065 066066 168168 085085 098098 104104 041041 153153 113113 192188 101101 002002 139139 150147 009009 130130 008008 051051 151151 053053 110112 015015 041042 155155 022022 184184 090090 079079 075075 177177 104104 143143 189189 092092 123122 159159 140140 151151 152152 120120 133133 153153 071071 122122 154154 062062 056056 109109 186187 184184 087087 048048 002002 094094 008004 096096 063063 175175 
pop 
9 13 , 108108 152152 048048 171171 073073 192192 076076 093093 103103 166166 005005 180180 029030 045045 147147 074078 019019 034034 015015 062071 095100 158158 161161 113113 061061 104104 076076 023024 024024 063068 041041 128128 075075 184184 193193 150150 041041 055055 155155 037037 146146 111111 065065 066064 171167 085085 095098 104104 041041 155155 113113 192192 101101 002002 139139 150150 009009 130130 008008 052051 151151 053053 110110 015015 042041 155155 022022 185185 088095 078078 074074 177177 104104 143143 189189 092092 122123 159159 139139 153153 152152 121119 127127 153153 071071 120120 154154 063063 054054 109109 188188 179179 087087 051048 005001 094094 008008 093095 063063 175175 
pop 
9 14 , 108108 152152 048048 171171 070071 192192 076081 094094 103103 166166 005005 177177 028028 048040 145145 078078 018018 035035 014014 062062 100095 156156 161161 113112 061061 104104 076076 028023 024024 063068 040041 130130 089075 184184 189189 157157 041041 053055 155155 050050 146146 111111 066066 064064 171171 083083 095095 104104 039039 155155 114114 189189 101101 002002 138138 152152 009009 132130 008008 052051 150150 053053 110110 015015 042042 158158 025025 185185 095095 079079 073073 177177 104104 143143 189189 092092 122122 158158 139139 153153 152152 121121 133133 153153 071071 120120 154154 062062 054054 109109 188188 178178 087087 048048 002002 094094 008008 093096 068068 175175 
pop 
10 5 , 108108 150151 046046 169169 070069 194193 081081 098098 103103 166166 006006 182182 029033 045045 154154 075075 019019 037037 016016 069069 100100 151151 163163 110110 060061 104104 076077 025025 023009 064064 039039 127127 073073 185184 191191 150150 045045 056056 154154 052052 145145 104104 072072 065065 164169 083083 098098 104104 044044 146146 113113 186186 101101 002002 139139 143147 021021 133133 010010 050050 150150 048048 111111 016016 041039 160155 025025 184184 091096 080080 072072 179179 103103 143143 185185 093093 123123 161161 139139 154154 152151 121121 133133 156155 073073 121121 152153 062062 056056 109109 188188 186186 083088 048048 015015 093093 004004 095095 069069 177177 
pop 
10 6 , 107108 151151 046046 169169 070070 194193 081076 098098 103108 162162 005005 181181 034033 045045 141141 074074 019018 035035 019019 069069 100100 158158 163163 110110 060061 104104 079076 024025 023023 068068 039040 127127 073073 184184 191191 150150 045045 056056 154154 049050 145145 104104 066066 065063 169169 083083 098098 104104 044044 146146 113113 186186 101101 003003 139139 144148 018018 131133 008005 050050 150152 048048 111111 016016 041041 160160 025025 184184 091096 078078 072072 182181 103103 144143 186186 091091 123122 161161 139139 154154 151152 121121 133133 156156 073073 122122 152152 065065 056056 109109 188188 177186 088083 048048 002015 093093 004004 095095 068068 177177 
pop 
10 7 , 107107 150150 046046 169169 069069 194193 080080 098098 103103 165165 005005 182182 034034 045045 141144 075075 018018 035035 019019 071071 098098 150150 163163 110113 061061 104104 079079 024024 023023 068068 039039 127127 091091 184184 191191 150159 045045 054055 154154 050050 142142 111111 062062 065063 167167 085085 098098 104104 044044 145145 113113 188188 100100 004004 140140 148148 020009 133133 005005 051050 150150 048048 111111 016016 041041 155155 025025 184184 096096 078078 072072 181181 103103 143143 189189 093093 123123 161161 139139 154154 151151 121121 133133 156156 073073 121121 152152 065065 056056 109109 188188 186177 087083 048048 015015 093093 004004 094095 068068 177177 
pop 
10 8 , 109109 150150 046046 170170 069069 194194 076076 098098 103103 164164 005005 175175 034034 045045 154141 075075 018018 035035 016019 071071 096096 158158 163162 113113 060060 104103 075075 025025 025025 068068 039039 127127 075075 184184 191191 159159 045045 053055 159154 037037 146146 104104 062062 063063 167167 085085 098098 101104 044044 145145 113113 187188 101101 004004 140138 144144 009009 133131 008008 051051 151151 048048 110110 013013 041041 155155 025025 184184 096096 078078 075075 179179 103103 144144 189188 093093 123123 161161 139139 154154 152151 120121 133133 156156 072073 122122 155155 065065 056056 109109 188188 184186 087087 048048 002002 094094 002002 093093 068068 167167 
pop 
10 9 , 107109 151151 046046 170170 069069 193193 076076 098098 104103 164164 005005 175183 034034 045045 154144 075075 018018 035035 016016 071064 096096 158158 161161 113113 060060 104102 076075 025025 024024 068068 039039 128128 075075 184184 191191 159159 045045 055055 154154 038038 146146 111111 062062 066066 167167 085085 098098 104104 044044 146146 112113 188188 101101 004004 140140 144148 009009 127127 008005 051051 151151 053053 112112 013013 041041 155155 023023 184184 096096 078078 072072 179179 103103 143143 189189 093093 124123 161161 140139 154154 152152 120120 133133 156156 073073 122122 148148 065063 056054 109109 188186 184184 087087 048048 002002 094093 008008 093093 068068 167167 
pop 
10 10 , 107107 151151 046046 170170 069069 194193 076076 098098 103106 164164 005005 183183 034029 039039 156156 075075 018018 035035 015016 063061 098098 150150 163163 113113 058058 104104 075075 025025 024024 063068 041039 128128 075075 184184 191191 159159 045045 055055 154154 047048 146142 111111 065072 063063 168171 085085 098098 104101 043043 153153 113113 187187 101101 002002 139139 148148 009009 131131 005005 051051 151151 053053 112112 015013 041042 155155 025025 184184 090096 078078 072072 179179 103104 143143 189189 093093 123123 161161 139139 154154 152152 120120 133133 156156 073072 122121 148148 062062 056056 109109 186186 184184 083083 048048 005002 094094 008008 096096 068068 175175 
pop 
10 11 , 108108 151151 046046 171171 071071 194194 076076 093098 106106 164160 005005 180183 029029 039039 156156 074075 019029 035035 015015 063061 096095 158150 163161 113113 058058 104104 076075 028028 024024 063063 041041 128128 075075 184184 191191 159150 041041 055055 154159 037048 145145 104104 072072 063066 171171 085085 098098 101101 044044 153153 114114 187187 101101 007007 140139 147148 009009 131131 008008 051051 151151 053053 112112 015015 042042 155155 025025 185185 090090 079079 073073 179179 103103 143143 189189 093093 123123 161161 140140 153154 152152 120122 133133 153153 071071 120120 154154 062062 056056 109109 186186 184184 087087 048048 002005 094094 004008 096096 063063 177177 
pop 
10 12 , 108108 151151 046046 171171 071071 192192 076076 093093 103103 166166 005005 180180 029029 039039 156156 075075 029029 035035 015015 063063 095095 158158 163163 112113 061061 104104 079079 024028 019019 063063 039039 128128 075075 184184 189189 159159 041041 053053 159155 037037 145145 111111 065072 064064 171171 085085 098098 104101 044044 145145 113113 187187 101101 004004 139139 147150 009009 130130 008008 051051 151151 053053 110112 015015 042042 155155 022022 185184 091091 079079 074074 177177 103103 143143 189189 093093 123123 158159 140140 154154 152152 122122 133133 153153 071071 120120 154154 062062 056056 111111 186186 184184 087087 048048 002002 094094 006006 096096 063063 175175 
pop 
10 13 , 108108 152152 048048 171171 071071 192192 076076 093098 104104 166166 005005 180180 028029 040045 156147 075075 019019 035035 014014 063063 095095 158158 163164 112112 061061 104104 079075 028028 024024 068068 039039 128128 075075 184184 189193 150159 041041 053055 155155 048048 146145 111111 072065 064064 171171 085085 095095 104104 044044 153153 114114 189189 101101 002002 139139 152152 009009 130130 008008 052051 150150 053053 110110 015015 041041 155155 022022 185185 088088 079079 074074 177177 104104 143143 189189 093093 123122 158158 140140 153154 152152 122122 127127 153153 071071 120120 154154 062062 056056 111115 186186 184184 087087 048048 002002 094094 006006 096095 063063 175175 
pop 
10 14 , 108108 159152 048048 171171 070071 192192 076076 093094 104104 166166 005005 180180 028028 039039 145147 078078 018018 035035 014014 062062 095095 150150 164164 112112 061061 104104 075075 028028 024024 068068 041041 128128 088088 184184 193191 157157 041041 053053 155155 050050 146146 111111 072072 064064 168171 084083 095099 104104 044044 153155 114114 189189 101101 002002 139139 152152 009011 130130 008008 051051 150150 053053 110110 015015 041042 158158 025022 185185 088095 079079 074074 177177 102102 146146 189189 092093 122122 158159 141141 153153 152152 122122 133133 152152 071071 120120 154154 065062 054054 109115 188188 179179 087087 048048 001001 094094 006006 096093 063063 175175 
pop 
11 5 , 108108 151151 046046 169169 070070 194194 076076 098098 103103 166162 002002 181181 029029 039039 143143 078075 018018 035035 019019 071071 100098 150150 163163 110110 061061 104104 076076 025025 024024 064064 039039 127127 076073 185185 191191 150151 043043 056056 159159 052052 145145 104104 072060 065065 169169 083083 098098 097104 044044 153153 117117 186186 101101 003002 138138 143143 020020 131131 014014 050050 150150 048048 111111 013013 039039 155155 021025 184183 096091 080080 072072 181181 104104 144144 185186 093093 123123 159159 139139 154154 152152 121121 133133 154156 073073 121122 152152 064063 056056 109109 186186 186186 083083 048048 002002 093093 004004 095095 069068 177177 
pop 
11 6 , 108108 151151 046046 169169 070070 194194 076076 098098 103103 162162 005005 181181 033033 039039 144143 075075 018018 035035 016019 070071 098098 150150 163163 113113 061061 104104 079075 025025 024024 068064 039039 126127 091076 187187 191191 151159 045045 053053 154154 050050 146146 104104 066066 065065 167170 085083 095095 104104 044044 146146 113113 187187 101101 002002 139139 143143 018018 131131 008008 050051 152152 048048 111111 016013 041041 155155 021021 184184 096096 078078 072072 182182 103103 144144 189185 091093 123123 159159 140140 154154 152152 122122 133133 156156 073073 120120 152152 064064 056056 109109 186186 177186 083083 048048 002002 093093 004004 094094 069068 170170 
pop 
11 7 , 107107 151151 046046 169169 069069 194194 080080 098098 103103 165165 005005 181181 033033 045045 144144 075075 018018 035035 019016 070070 096096 151150 163163 113113 061061 103103 077077 025025 025025 068068 039039 128128 075091 184184 191191 159159 045045 054054 159154 050050 146146 104104 062062 064065 170170 085085 095095 104104 044044 146146 112112 188188 100100 004004 140140 148148 009009 133133 014008 051051 152152 048048 111111 016016 041041 160160 021021 184184 096096 078078 072072 181181 104104 143144 189188 093093 123123 161161 140139 154153 152152 121121 133133 156156 073073 121121 152152 065065 056056 109109 188188 177177 083087 048048 015015 093093 004004 094094 068068 170170 
pop 
11 8 , 107107 151151 046046 169169 070070 193194 076076 098095 103106 166165 005005 175175 034034 039045 144144 075075 018018 035035 016016 061061 096096 158158 162162 092092 061061 103103 077077 025025 025024 068068 039039 128128 075075 184184 191191 159159 041045 054054 154154 050037 146146 104104 062062 064063 167167 085085 095095 104104 044044 146146 113112 187188 100100 004004 140140 148148 020020 133133 014014 051051 150150 048048 110111 013013 041041 155155 025025 184184 096096 078079 075075 177177 104104 143143 188189 093093 123123 159159 139139 154154 151151 121121 133133 156156 073073 121121 155155 065065 056056 109109 185188 177177 087087 048048 002002 093093 004004 093093 068068 170170 
pop 
11 9 , 107107 151151 048048 169170 070070 193193 076076 098093 103106 164164 005005 181181 034034 045039 144144 075075 018018 035035 016016 064064 096096 158158 161163 092092 061061 104104 077077 025025 024024 068065 039039 128128 075075 184184 191191 159159 043043 055053 159159 048048 145145 104104 072062 063063 167167 085085 095095 104104 044044 146146 112112 188188 100100 004004 140140 148148 009009 127127 014014 051051 150150 048053 110111 016016 041041 155155 025023 184184 096096 078079 075075 177182 104104 143143 188189 093093 123123 161161 140140 154154 152150 120120 127127 156153 073073 121121 155155 065065 054054 109108 186186 177186 084084 048048 002002 094093 008008 093094 067067 167170 
pop 
11 10 , 107107 151151 046046 171171 069069 193193 076076 098093 104104 164160 005005 175181 029029 039039 156156 075075 029029 035035 016016 061061 098098 158158 161161 113113 060060 104104 077077 025025 024024 068068 039041 128128 075075 184184 191191 159159 041041 055055 159159 048048 145145 104104 065065 063063 168168 085085 098098 104101 044044 145146 114113 187187 100101 004004 140140 148148 008008 127127 005005 051051 151151 053053 112112 016016 041041 155155 025025 185185 096096 078078 072072 177177 104104 143143 188188 093093 123123 161161 140140 153153 151151 120120 133133 153153 073073 121120 155155 065065 056056 109109 186186 184177 084084 048048 002002 093094 005008 094094 063068 170170 
pop 
11 11 , 107107 151151 046046 171171 065071 193193 077077 093093 106106 160160 005005 183183 029029 048048 144144 075075 019019 035035 015015 061061 095095 158158 161162 113113 060060 104104 079079 028025 024024 068068 039039 128128 075075 184184 189189 159159 041041 055055 159159 037048 146145 106104 072072 063063 168168 085085 098098 104101 044043 146155 113113 187187 101101 007007 140140 147147 016016 131131 014014 051051 151151 053053 112110 016016 041041 155155 025025 185185 091096 078078 072073 177177 103103 143141 189189 093093 123123 161161 140140 151151 152152 120120 133133 156156 071073 120120 154154 062062 056056 109109 186186 184184 087083 048048 002002 094094 008004 095095 063063 177177 
pop 
11 12 , 108108 159159 048048 167167 071071 193193 076076 093093 103103 160160 004004 177177 029029 048048 142147 075075 019029 035035 014015 063063 095095 150149 163162 113112 061061 104104 075075 028028 024024 063063 039039 128128 075075 184184 189189 155155 041041 053053 159159 037050 146145 111111 065065 066066 171171 085084 098098 104104 041044 145145 113113 188188 101101 002002 139139 145145 016016 130130 008008 051051 151150 053053 112110 016016 041041 156156 025025 185185 091091 078078 073073 177177 104104 143143 189189 093093 123122 159159 140140 151151 152152 120120 133127 150156 073073 120120 154154 062062 052052 109109 186186 181181 087087 048048 002002 094094 008008 096095 068068 175175 
pop 
11 13 , 108108 159152 046048 171171 071071 195195 076076 093093 104104 166166 004004 175175 028028 045045 145145 078078 029029 035035 014015 064064 095095 150150 162162 113113 061061 105105 075075 024024 024024 063063 039039 128128 075075 184184 189189 155155 041041 055053 155155 050050 145145 103111 065065 064064 168168 084085 095095 104104 041041 155155 113114 188188 101101 002002 139139 148145 009009 130130 008008 051051 150150 055053 110110 016016 041042 156156 025025 185185 091091 079079 073073 177177 104104 143143 189189 092093 122122 159159 140140 153151 152152 119119 127133 153153 073073 120120 154154 062062 052052 115115 186186 181181 087087 048048 001001 094094 006006 096096 067067 175175 
pop 
11 14 , 108108 159159 048048 171171 071071 195195 076076 093094 102102 162162 004004 182182 028028 040045 145145 078078 018018 033033 014014 062063 095095 158150 162162 112112 061061 104105 075075 024024 024024 068068 039039 128128 075075 184184 191191 150150 044044 053053 155155 037050 145145 111111 072072 064066 168168 084084 099099 101101 044044 143143 114112 189189 101101 007007 139139 152152 009009 130130 008008 051051 150150 053053 110110 015015 042042 155155 025025 188188 090091 079079 073072 182177 102103 143143 189189 092092 122122 159161 141141 153153 152152 121121 133133 152152 073073 119119 154154 062062 054054 106106 188188 177179 087087 048048 002002 094094 008008 096096 070070 175175 
pop 
12 5 , 108108 153153 042042 169169 070070 194194 076076 099099 103103 166166 002002 182181 033033 045045 143143 075075 019019 035035 016016 069069 100100 150150 163163 113113 061061 104104 079079 025025 009009 064064 039039 127127 076076 185185 193193 150150 041041 053053 159159 052052 145145 104104 060060 064063 169169 082082 098098 104097 044044 146146 113113 188188 101101 002002 138138 143143 018018 131131 008008 050050 151151 048048 111111 015015 039039 155155 025021 184184 091091 078078 072072 179179 104104 144144 185185 093093 123123 159159 141139 154154 152152 121121 133133 156154 073073 121121 153153 066063 056056 109109 186188 186186 087087 048048 008008 096096 005004 094095 068068 177177 
pop 
12 6 , 108108 151151 042042 169169 070070 194194 076076 098098 103104 166166 002002 181181 033033 039039 143143 078078 018018 035035 016014 065065 096096 150150 163162 113110 061061 104103 079079 029029 009009 068064 039039 126126 073076 187187 191191 150150 041041 053053 154154 050050 146146 104104 062060 063063 169169 083083 095094 097097 044039 146146 113114 188188 101101 003003 138138 146144 020018 131131 008010 051051 150151 048048 111111 015015 041041 155155 021021 184184 090090 081081 072072 179179 104104 143144 185189 093093 123123 161159 140140 154154 151151 121121 133133 156156 073073 120122 155155 066066 056056 109109 188188 177177 087087 050050 001008 093093 005004 094094 068068 177170 
pop 
12 7 , 108108 151151 042042 169169 070068 195195 080080 098098 103103 166166 002002 175175 033033 045045 141143 075078 019019 035035 019019 061061 096096 150150 162162 113113 061061 103103 077079 029029 025025 068068 039039 126126 075075 183183 191191 150150 043045 052053 154154 037037 146146 104104 062062 063063 170170 083083 095095 104104 039039 145145 114114 188188 101101 003004 140140 144148 020020 130130 010010 051051 150150 048048 111111 015013 041041 155155 021021 185185 096096 078081 073073 177181 104104 143144 185185 093093 123123 161161 139139 154154 150150 121121 133133 156156 073073 121121 155155 065065 056056 109109 186186 178178 083083 050050 008008 093093 004004 094094 068068 170170 
pop 
12 8 , 108107 150150 046046 169169 068070 195195 080076 096096 104104 164164 002002 175175 034033 039039 144144 075075 018018 035035 016016 061061 096096 158158 163163 092092 061061 103103 077079 028025 024025 068068 039039 127127 075075 184184 191191 150150 043043 053053 154154 050050 146146 104106 062062 063063 167167 085085 095095 101101 044044 155146 114114 188188 101101 004004 139143 148144 020020 130130 010010 051051 150150 048048 111111 016016 041041 155155 021021 184185 090090 081081 075072 182182 102104 143143 189189 093093 122122 159159 139140 154154 150151 120120 127127 156156 073073 121121 155155 063063 054054 109109 185188 177177 084084 048048 008008 093093 004004 094093 068068 167170 
pop 
12 9 , 108108 151151 048048 169169 070068 194194 080080 096093 104104 164164 006005 175175 034034 039039 144144 075075 029018 035035 016016 061061 100100 158158 163163 092092 061061 104104 077077 025028 024024 068068 039039 127127 075091 184184 191191 159159 043043 053053 159159 048050 145145 104104 062062 063063 167167 085085 095095 101101 044044 155155 113113 187187 101101 004004 140140 148152 020020 127127 010010 051051 150150 053053 111111 016016 041041 155155 022022 184184 091091 078078 075075 177177 103102 143143 185185 093093 123123 157157 140140 153153 150152 120120 133133 156156 070070 121121 155155 063063 054054 108108 188188 177177 084087 048048 002002 093093 004004 094094 068068 175175 
pop 
12 10 , 109109 151151 048048 169169 065065 194194 076076 096096 104104 164164 005005 175175 029029 039039 143142 075075 029029 035035 016016 061061 098098 158150 162162 092092 061061 104104 077077 028025 024024 068068 039039 128128 091091 184184 191191 159159 041041 053053 159159 048048 146146 106106 072072 066066 168168 085085 095095 104104 044044 155145 113113 188188 096101 002004 140140 152148 008008 127127 014014 051051 151151 053053 111111 016016 042042 155155 021025 185188 090090 078081 073073 177177 104103 143143 189189 093093 123122 159159 140140 153153 150150 120120 133133 156156 070070 121121 148154 065063 052052 109109 188185 184184 084084 048048 002002 094094 008008 094094 067067 167167 
pop 
12 11 , 108108 151151 048048 171171 065065 193193 077077 093093 104104 164160 005005 175175 029029 039039 144144 075075 029029 035035 016016 061061 098095 158158 161161 092092 060060 104104 079079 028025 024024 063068 039039 128128 075091 184184 191191 155155 045045 053053 159159 050048 145145 106106 062062 066066 167167 085085 098095 101104 044043 155155 113113 187188 101101 002002 140140 148148 016016 130130 014014 051051 151151 053053 112110 016016 042042 156155 025025 185185 091091 078078 073073 177177 104104 143143 185185 093093 123123 159161 140140 154154 152152 120120 133133 152156 073070 120120 148148 063063 052052 109108 186186 184184 087087 048048 002002 094094 005008 095096 063063 177177 
pop 
12 12 , 108108 159159 046046 171171 071071 193193 076077 093093 104104 160160 005005 177177 029029 048048 147147 075075 029019 035035 016016 064064 095095 158158 163163 113112 061061 105104 075075 025028 024024 063063 039039 129128 075075 184184 189189 150155 045041 053053 159159 048050 146146 111111 065065 066066 167167 084084 095095 104101 044044 155155 113113 192189 101101 003003 139139 145145 008008 130130 014014 051051 150150 055055 110110 016016 042039 156156 025025 185185 091091 079079 073073 177177 104104 143143 189185 093093 123123 159159 140140 153153 152152 120120 133133 150150 073073 120120 154154 065065 054052 111111 186186 181177 087086 048048 001001 094094 008008 096096 067067 170170 
pop 
12 13 , 108108 159159 046046 171171 071071 195195 076076 093093 103104 160160 004004 175182 029029 045045 145144 075075 018019 033033 014014 064061 095095 158158 162162 112112 061061 105105 075075 025025 024024 063064 039039 129129 075075 184184 193193 150150 041041 053053 159155 050050 145145 111111 065065 066066 168169 083084 098095 104104 044044 155155 113113 188188 101101 007007 139139 145145 009020 130130 014014 054051 150150 055055 111111 016016 042042 156156 025025 185185 090090 079079 072072 177177 104104 143143 189189 094094 123122 161161 140141 151151 152152 121121 133133 156156 073073 120120 154154 064065 052054 115115 186186 177177 087087 048048 001001 095095 006008 096096 067067 175175 
pop 
12 14 , 108108 154159 046046 171171 070070 195195 076076 098098 106106 162162 004004 182182 029029 045045 145142 075075 018029 033033 016016 063063 095095 158158 162162 112112 061061 104104 075075 025025 024022 063063 040040 128128 075075 184184 193193 150150 041041 053053 155155 050050 147147 103111 065065 066064 169169 083083 095095 104104 044044 155155 113113 189189 101101 007002 139139 145145 011011 130130 008008 051051 150150 055055 110110 016013 041039 156156 025025 188188 090090 079079 072072 182182 103103 143143 189189 092093 122122 159159 141141 153153 151151 121121 133133 152152 071071 119119 154154 062062 053053 111111 186186 177177 087087 050050 002002 094094 008003 095095 062068 167167 
pop 
13 5 , 108108 152154 050050 169169 070070 194194 076076 095095 103103 166166 005005 175175 034034 039039 143143 075075 018018 039039 016016 069065 100100 151151 163163 110110 061061 104104 079079 028028 023009 069064 039039 131127 073073 183183 191191 150150 045045 053053 154154 050050 145145 109105 060060 063063 166166 082082 098098 097097 044044 146146 113113 188188 101101 002002 138138 144144 020020 131131 010010 050050 152150 053053 111111 015015 039039 155155 022021 184184 090090 078078 072072 179179 104104 143144 186186 093092 123123 159159 139139 154154 151151 121120 136136 154154 073073 121121 155153 065065 056056 111111 186186 177177 088088 050050 008008 096096 005005 095095 068068 176178 
pop 
13 6 , 108108 151151 042042 171171 071071 194194 076076 099099 106104 162162 005005 181181 033034 039039 143143 078078 018018 039039 016016 061061 100100 151151 163163 092113 061061 104104 079079 029029 023023 069068 039039 128126 091073 183183 191191 150150 043045 053053 154154 050050 145145 104104 060060 063063 167167 082082 094094 097097 044044 146146 113113 188188 101101 003003 137137 146144 020020 130130 010010 051051 150150 053053 111111 015015 041041 155156 021021 184184 090090 078078 072072 177177 104104 144144 189189 091091 122123 159159 139140 154154 151151 120120 133133 156156 073073 120120 155155 066066 056056 110110 188188 174174 088088 050050 008008 093093 004004 095095 068068 178178 
pop 
13 7 , 108108 151151 042042 169169 072065 194194 080080 095095 104104 164160 004004 181181 033034 045039 141141 078078 018018 039035 016019 061061 100100 158158 161162 092092 061061 104104 079077 025025 025025 068068 039039 126126 091091 183183 191191 150150 043041 052052 157157 050050 145145 105105 065060 063063 167166 082083 095095 097097 044044 146146 114113 188188 101101 003003 143143 144144 009009 130130 010010 051051 150150 048048 111111 016016 039039 155155 021021 185185 096090 078078 072072 177177 104104 143143 189189 091091 123123 159159 139139 154154 150150 120120 133133 156156 070073 122121 155155 066063 056056 109109 188188 185177 087087 050050 008008 093093 004004 094094 068068 170170 
pop 
13 8 , 108108 159150 046046 169169 065065 199194 076076 096096 104104 164164 004004 175175 034034 039039 141142 078078 018018 035035 015015 061061 100100 158158 163161 092092 061061 103103 079079 025024 024024 068068 039039 126126 077077 184184 191191 150150 045045 053053 154154 050050 145147 106106 062062 063063 167167 085085 095095 101101 044044 146155 114114 188188 101101 003003 143143 144144 020020 130130 014014 051051 150150 053053 111111 016016 039039 155155 021021 185184 090090 081081 072072 177177 104104 143144 185185 093093 122122 159159 139139 153154 150150 120120 134134 156156 070070 122122 155155 063063 056056 109109 186186 177177 087087 048048 002002 093093 004004 094095 066066 176176 
pop 
13 9 , 108108 151151 048046 169169 065065 194194 076076 095096 104104 164164 004006 175175 034029 039039 142144 078075 018018 035035 016016 061061 100100 158158 163162 092092 061061 103104 079079 028025 024024 069068 039039 126126 091077 184184 191191 150150 043043 055055 154159 050050 145145 106106 072072 063065 167167 085085 098095 101101 044044 145145 114113 187188 101101 004004 140140 152152 020020 130127 014010 051050 150150 053053 111111 016016 039039 155155 022022 185185 090090 081081 075075 177177 104102 143144 185189 093093 122122 159159 139139 154154 150150 120120 134134 156156 069069 122122 155148 063063 053053 109108 186186 177177 087087 048048 002002 094094 004004 094094 068068 167167 
pop 
13 10 , 109109 159159 046046 169169 065065 194194 076076 096096 103103 164164 005005 175175 029029 039039 143143 075075 018018 035035 016016 061061 100100 150150 162162 092092 061061 104104 079079 028028 024024 063068 039039 127127 091091 184184 191191 150155 043043 055053 153153 050050 145145 104104 072072 065066 167167 084084 095095 101101 044044 146146 113113 188188 101101 002002 140140 148148 008008 127130 014014 050050 150150 055055 111111 016016 041042 155155 025021 185185 090090 081081 073073 177177 103104 144143 185185 093093 122122 159157 141141 154154 151151 118118 133133 156156 069070 122122 148148 062062 052052 109109 186186 174184 084084 048048 015002 094094 005005 095095 068067 167167 
pop 
13 11 , 108108 151159 046046 171171 071065 194194 080076 093093 104103 164164 004005 175175 029029 039039 144144 075075 019019 035035 014014 061061 100098 158158 163163 113092 060060 104104 075075 024028 024024 068063 039039 127128 075091 184184 191191 155155 045045 053053 153159 050050 145145 106106 065065 066066 167167 084084 095095 101101 043043 147147 113113 188188 101101 002002 140140 148148 020016 130130 014014 051051 153153 055055 111111 016016 042042 155155 021021 185185 090091 081081 072073 179179 104104 143143 189189 093093 122123 157157 141141 154154 151151 120120 133133 156152 073073 120120 154154 062062 052052 109108 186186 177177 084084 048048 002002 094094 003005 095095 067067 167170 
pop 
13 12 , 108108 159159 046046 171171 065071 194194 076076 093093 104104 160164 005005 175175 029029 048044 144142 075075 029029 035035 014014 061061 095095 158158 162162 113113 060060 103105 079079 028028 024024 063063 039039 128128 091075 184184 191191 159159 043043 053053 159159 050050 145145 104106 065065 064064 171168 085084 095094 104104 043044 155147 113113 189189 101101 002002 140140 148148 020020 130130 014014 051051 153153 055055 111111 016016 039039 156155 021025 185185 090090 081081 073073 179179 104103 143143 189189 092092 122122 157157 140140 154153 152152 121120 133133 156156 073073 120120 148148 063065 052052 111111 186186 177181 086086 048048 001001 094094 008008 096096 067067 170170 
pop 
13 13 , 108109 159159 046046 171171 070065 194194 076076 093093 103103 162162 004003 181181 029029 045045 142142 075075 018018 035035 014014 061061 095095 158158 162162 092092 061060 105105 075079 025028 024024 064064 039039 128128 075075 184184 191191 150159 041041 055055 155155 050050 147147 103103 065065 064064 169169 085083 095095 104104 044044 146146 113113 189189 101101 007007 139139 145145 011020 130130 006006 054054 153153 055055 110110 013016 039039 156156 025025 185185 091090 081079 072072 177179 103103 143143 189189 092092 122122 161161 141141 153154 152151 121121 133133 156156 073073 122120 154154 063063 053054 115111 186186 181181 087087 048048 001001 094094 008008 096096 062067 176170 
pop 
13 14 , 108108 154154 046046 171171 070070 194194 076076 093093 106107 162162 003003 175175 029029 045045 142142 075075 019018 033033 014014 069063 094094 150150 162162 112112 061061 104104 075075 025024 022022 064064 040040 128128 075075 184184 193191 150159 045041 053053 160155 050050 144147 103103 065065 064064 169169 083083 095095 100100 044044 145145 113112 189189 101099 002002 139139 145145 020020 130130 006006 051051 150153 055055 110110 016016 039039 155156 025021 191191 091091 079081 072074 177177 103103 143143 189189 093092 122122 161161 141141 153153 151151 121121 127127 152152 073073 122122 154154 063063 054053 111111 186186 181181 087087 048050 015001 094094 003003 096095 062062 176176 
pop 
14 5 , 109109 154154 042042 171171 066066 194194 076076 095095 106104 162162 002002 182183 034034 045045 142142 078078 019018 039039 016016 069069 100100 151157 163163 113113 061061 103103 079079 029029 024024 069069 039039 131131 073073 184184 191191 150150 045045 052053 154154 052052 145145 105109 060060 064064 166166 083083 094098 107107 044044 146146 113113 188188 101101 002002 135135 144146 020020 131131 010010 050050 152151 053053 111111 016016 039039 156155 021021 184184 090090 078078 073072 179179 102102 144144 189189 093093 122122 159159 139139 153156 150151 120120 136136 156156 071071 122122 155155 063063 056056 111110 186186 185185 085087 050050 002002 093093 005005 097097 068068 177177 
pop 
14 6 , 109109 151151 042050 171169 066066 194194 076076 098098 104104 160162 005005 181181 034029 039039 156156 075075 018018 039039 016016 065065 100096 150150 163163 113113 061061 103103 079079 029029 023024 069069 039039 127127 073073 184184 191191 150150 045045 053053 154154 050050 145145 105105 065065 064064 167167 083083 095095 107097 044044 146147 114114 188188 101101 004002 135137 144146 020020 130130 014014 050050 150150 050050 111111 016016 039039 156156 021021 185184 090090 078078 072072 179179 104104 144144 189189 091091 122122 159159 140140 154153 150150 120120 136136 156156 071070 122122 154154 063063 056056 110110 186187 174174 085085 050050 008008 092092 005005 095095 068068 176176 
pop 
14 7 , 108108 151151 042048 169169 072072 194194 076080 095095 104104 160160 005005 181181 033033 039039 143143 078078 018018 040040 016016 065065 100096 158158 162162 112112 061061 103103 077079 029029 025024 064068 039039 127127 073091 184183 191191 150150 045045 052052 154154 050050 142150 105105 065065 065065 169166 083083 095095 097097 041041 146146 113113 188188 101101 003003 137143 144144 020020 130130 014014 051050 150150 053053 111111 016016 039039 155155 021021 184184 090090 081078 072072 177179 104104 143143 189189 093093 122123 159159 139140 153154 150151 120120 132132 156156 070070 121122 155155 063063 056056 111111 187187 185174 085085 050050 008008 093093 004005 095095 068068 176176 
pop 
14 8 , 109109 150151 048048 169169 070070 193199 076076 096096 104104 160160 005006 181181 033033 039039 141141 078078 018018 039037 015015 061061 100100 158158 163161 112112 061061 104104 077077 029029 024024 068068 039039 126126 077077 184184 191191 150159 045045 053053 154154 048050 147147 105105 065065 063063 166166 083085 095095 097097 044041 146146 113114 188188 101101 003003 137140 144144 020020 130130 014014 050050 150150 053053 111111 016016 039039 155155 025021 184184 090090 079081 075075 177177 104104 144144 189189 093093 122122 159159 140140 153153 151151 118118 136136 156156 070070 122122 154154 065063 056054 109111 187186 177185 087087 047050 015015 093093 004004 095095 066067 176167 
pop 
14 9 , 109109 150150 047048 169169 069069 194194 076076 096096 104104 164164 006004 181175 026026 039039 142142 075075 018018 035035 017017 069069 100100 158158 163163 113113 061061 103103 077077 025025 024024 064064 039039 126126 075091 184184 191191 150150 042042 055055 154154 050050 150150 104106 072065 062063 167167 085085 098098 101101 041041 145145 114114 188188 101101 004004 140140 148152 020020 130130 010010 051051 150150 053053 111111 016016 039039 155155 021021 184184 090090 081079 076076 177177 104104 144144 189185 093093 120120 159159 140140 154154 151151 120120 134134 152156 069069 122122 148148 065065 054054 110110 186186 177177 087087 048048 015015 093094 005005 095095 067067 167167 
pop 
14 10 , 109109 151151 046046 169171 069071 194194 076076 096096 103103 164164 006006 181175 026029 039039 142142 077077 029029 035035 016016 061061 096096 158150 162162 092092 061061 103103 075075 025025 024024 068063 039039 126128 091091 184184 191191 150150 042042 053055 154154 050050 150150 106106 072065 064064 167167 084084 095095 101101 044044 145145 115113 189189 101101 002002 140140 148148 020020 130130 010014 051050 153153 053053 111111 016016 039039 155155 021021 184184 090090 081081 075076 177177 104104 143144 189189 093093 120122 159159 140140 154154 151151 118118 134134 156156 069070 122122 148148 065065 056056 110110 186186 174174 084084 050048 015015 094094 005005 095095 067067 170170 
pop 
14 11 , 108108 151151 046048 169171 071071 194194 076076 093093 103103 164164 006004 175175 026026 045045 142142 075075 029029 035035 017017 061061 096096 158158 163162 092113 061061 105105 075075 025029 024024 063063 039039 128127 075075 185184 191191 159150 045042 054054 159159 050050 145145 106106 065065 064064 169167 084084 095095 101101 044044 147147 113113 189189 101101 002002 140140 143148 020020 130130 014014 050050 153150 055055 111111 016016 041042 155155 021021 191191 090091 081081 075075 177177 104104 142142 189189 093093 123123 160159 140140 153153 151151 118118 133133 155152 069069 121121 155155 063063 056056 111111 186186 181181 087084 048048 015015 094094 003003 095095 067067 176176 
pop 
14 12 , 108108 159159 046048 171171 065070 194194 076076 093093 103103 164164 004004 175175 029029 045045 142143 075077 029018 035035 014014 061061 096096 158158 162162 113113 060060 105103 079079 025028 024024 063063 039039 127127 075075 184184 191191 150150 042042 053053 159159 050050 145145 103103 065065 064064 168168 084084 095094 101101 044044 146148 115115 189189 101101 002002 140140 145145 020020 130130 014014 054054 153153 057057 111111 016016 041041 155155 021021 185185 090090 081081 073073 182182 104104 143143 189185 093092 123123 157157 139139 153153 152152 121121 133133 155155 073073 120120 155154 063063 054054 109109 186186 177177 087087 048048 015015 094094 003008 096096 066066 171170 
pop 
14 13 , 109109 159159 046046 171171 070070 195195 076076 094093 103107 162166 003003 181181 029029 045045 142142 075075 029018 035033 014016 061061 096096 158158 162162 113113 061061 103104 075075 025025 024024 063063 039039 128128 075075 184184 191191 150150 041045 055055 159159 050050 144144 103103 059065 064064 168169 084084 095095 104101 044044 146148 112115 189188 099099 002002 140140 145145 016016 130130 006006 054054 153153 056056 111111 016016 039039 156155 021021 185185 090090 081081 072072 177177 101101 143143 189189 094093 122122 157161 139139 153153 152152 121121 133133 155155 073073 122120 154154 063063 054054 109111 186186 181181 087087 048048 001011 094094 003003 096096 066066 176176 
pop 
14 14 , 109109 159159 046046 171171 070070 193194 076076 094094 107107 162162 004004 175175 029029 045045 145145 075075 018018 035035 014014 064061 095095 158158 162162 112112 060060 104103 075075 024024 024024 063063 039039 127127 075075 184184 191193 150150 041044 053053 155155 050050 144144 103103 059059 064064 169169 083084 095095 100100 044044 144144 115112 189189 099101 002002 139139 145145 016016 130130 014014 051051 153153 056056 111111 016016 041041 156156 021025 191191 091091 081081 072072 177177 103103 143143 189189 094093 122120 159159 141141 153153 151151 121121 133133 155155 073073 122122 154154 063063 054054 109109 186186 181181 087087 048048 011001 094094 003008 096096 066066 176176 
