This sample file has been generated by the IBDSim program.
locus1_GSM
locus2_GSM
locus3_GSM
locus4_GSM
locus5_GSM
locus6_GSM
locus7_GSM
locus8_GSM
locus9_GSM
locus10_GSM
locus11_GSM
locus12_GSM
locus13_GSM
locus14_GSM
locus15_GSM
locus16_GSM
locus17_GSM
locus18_GSM
locus19_GSM
locus20_GSM
locus21_GSM
locus22_GSM
locus23_GSM
locus24_GSM
locus25_GSM
locus26_GSM
locus27_GSM
locus28_GSM
locus29_GSM
locus30_GSM
locus31_GSM
locus32_GSM
locus33_GSM
locus34_GSM
locus35_GSM
locus36_GSM
locus37_GSM
locus38_GSM
locus39_GSM
locus40_GSM
locus41_GSM
locus42_GSM
locus43_GSM
locus44_GSM
locus45_GSM
locus46_GSM
locus47_GSM
locus48_GSM
locus49_GSM
locus50_GSM
locus51_GSM
locus52_GSM
locus53_GSM
locus54_GSM
locus55_GSM
locus56_GSM
locus57_GSM
locus58_GSM
locus59_GSM
locus60_GSM
locus61_GSM
locus62_GSM
locus63_GSM
locus64_GSM
locus65_GSM
locus66_GSM
locus67_GSM
locus68_GSM
locus69_GSM
locus70_GSM
locus71_GSM
locus72_GSM
locus73_GSM
locus74_GSM
locus75_GSM
locus76_GSM
locus77_GSM
locus78_GSM
locus79_GSM
locus80_GSM
locus81_GSM
locus82_GSM
locus83_GSM
locus84_GSM
locus85_GSM
locus86_GSM
locus87_GSM
locus88_GSM
locus89_GSM
locus90_GSM
locus91_GSM
locus92_GSM
locus93_GSM
locus94_GSM
locus95_GSM
locus96_GSM
locus97_GSM
locus98_GSM
locus99_GSM
locus100_GSM
pop 
5 5 , 161160 160160 195195 032032 035035 124122 179181 032032 104104 165165 190190 132132 075075 152152 100100 016016 021021 076076 052052 197197 072072 027027 153153 124124 014014 008008 055055 036036 124131 032032 167168 144144 200195 100099 127127 103103 112116 079077 174172 027027 005003 065069 034034 063062 033033 155155 057057 063063 136136 160160 191191 133133 200200 097097 003004 181180 119119 177177 096096 059059 115115 134137 031031 015015 034034 008005 148148 006007 016016 020020 185185 094094 033033 162162 153153 133132 106106 111108 118118 114114 010010 148148 189189 169164 166165 186186 041041 095095 013013 156156 178178 048048 171171 055055 079079 128130 173173 070070 071071 041041 
pop 
5 6 , 159159 160160 195195 032032 037035 122122 181181 033033 103102 166166 189189 132132 073073 152150 101101 016016 021021 076076 049047 197197 072072 027027 153153 123123 014014 011011 055055 036036 124124 032032 162167 144144 196196 099099 127127 100103 116116 077079 174174 027027 005003 065070 034034 062062 030030 155154 057057 062062 136136 160160 191191 133126 198200 095097 004004 181181 120120 177177 097097 062062 115115 134134 031031 015015 031031 008008 150150 007007 019019 022022 185185 098093 033033 160160 153153 133133 106106 112108 118118 114113 010010 147147 186186 164164 166166 184184 046041 095095 012013 153153 178178 044048 171171 056056 075075 129129 174174 070071 071071 040042 
pop 
5 7 , 162162 160160 194194 032033 037037 124124 181181 036036 103103 166166 188188 132132 075075 152152 101101 018018 021023 076076 052049 197197 072072 027027 153153 123123 014013 011008 055055 036036 124124 027027 162168 145144 197197 104102 127128 103103 112112 079077 174174 027027 003005 069069 034034 062062 030030 155155 056056 063063 131131 169169 191191 126131 198200 097097 003003 181180 120120 177177 099099 062059 115115 136136 030031 015015 032032 005005 150150 007004 019019 020020 184184 096098 033033 160160 153153 133133 106104 108108 118118 114114 010010 147146 189186 164164 166166 186186 046046 095095 013013 156153 179179 048044 175175 057056 075075 125129 174173 070070 070071 042042 
pop 
5 8 , 162159 160160 193193 026032 035035 124124 181181 033033 103102 166166 190189 132132 075075 150150 101101 017018 021017 076076 049049 197195 072072 027027 153153 123123 011014 011006 055055 033033 124124 032027 168168 145145 195195 099104 128128 100100 112112 079077 174174 024027 003003 070070 034034 062062 033031 155155 062056 064060 131131 161161 190190 126126 198198 097097 003003 180180 122120 177177 096096 064062 114114 135135 030031 013013 032032 005006 150150 004004 020016 023023 185185 098098 033033 161161 151151 133131 106106 112112 119119 114114 010010 146146 185185 164172 162164 185185 046046 095095 013013 157157 178178 048048 174175 056056 079080 125125 171173 071071 070070 042042 
pop 
5 9 , 159159 160160 194193 026026 034034 122124 181181 033033 103103 166166 190190 132132 075075 152152 101097 018018 017017 078078 049049 195195 071071 027027 153153 123123 014013 011006 053053 032032 124124 026026 162162 145145 197197 099099 127127 102100 112112 079079 174174 024024 006006 069069 036034 064064 033033 155155 056056 062062 133133 161161 190190 132132 198198 095095 004005 181180 123123 177177 096096 062062 114114 136136 030030 015015 034034 008008 150150 006006 016016 021021 186186 098098 034034 162161 153153 133133 107107 108108 119118 113113 011011 147147 185185 172164 163162 185185 046046 095095 013013 156156 178178 048048 175175 056056 079079 125125 174174 071071 071071 042042 
pop 
5 10 , 159159 160160 192192 033033 037037 124124 181181 033034 104104 166166 189189 130133 073075 151150 101101 021021 017021 078078 052052 195195 070070 027027 153153 124124 014011 008008 053053 032032 124124 027027 167167 146146 197197 099102 127127 102102 112112 079079 169169 027027 003005 065065 039034 062063 030030 155155 057057 063062 133132 164164 194194 126132 198198 097097 005006 180180 122122 178178 097096 061061 115115 136136 031031 015015 035034 005008 150150 007004 016016 022022 186184 098098 034033 162162 153151 132133 106107 113108 118122 114114 011006 147147 189189 164164 162162 185185 046046 096096 013013 157157 179179 048048 175175 056057 080080 125125 173173 070070 071071 042042 
pop 
5 11 , 159159 160160 194192 033033 037037 124124 179179 034034 104104 168164 189189 130130 075075 152152 098098 018021 021021 076076 051051 197197 071071 029029 153153 124124 014014 011008 055055 033033 124124 026026 167167 145145 196196 099102 127128 101101 112112 080080 169169 024024 006006 065065 036036 065063 030030 155155 056056 065064 133133 161161 191194 132132 198198 095095 005005 180180 122122 177177 097097 059059 115115 137137 033030 015015 031035 007005 148148 007005 016016 022023 186186 098098 031031 162161 153153 133133 107106 113113 122122 114114 010010 147147 189189 164172 164162 185185 046046 095096 013013 152152 179179 048048 174174 056057 080080 125125 173173 071071 071071 042042 
pop 
5 12 , 159159 160160 194194 026033 037037 122122 179181 033034 104104 168168 189189 130130 075075 150150 100100 017017 017021 076076 047047 195197 071071 027027 152153 124123 014014 006008 053055 033033 124124 032027 167162 143143 195196 099099 127127 100101 115115 079079 173173 024027 005006 069065 036036 065063 030030 154155 056056 062063 133131 169169 190190 132132 198198 097097 006006 180180 120120 174174 097097 059062 114114 136136 030030 015015 034034 008007 150150 007007 016016 020020 184186 098098 031031 160162 153153 132133 106107 112112 119119 114114 010010 147147 189185 172172 166166 185185 046046 096096 013013 156156 179179 048048 174174 056056 075075 127125 174173 071070 071071 042042 
pop 
5 13 , 159159 161161 193193 026026 037037 124124 181181 034034 104104 168168 189189 130130 077077 151151 101101 017021 021021 076076 050050 195195 070070 028028 153153 128124 014014 006006 055055 033033 124124 032032 167167 143144 195195 099099 127127 101101 115112 078078 169169 027027 003003 065065 036036 065065 032032 155155 056056 065065 131131 169169 194194 132132 198198 096095 005006 180180 122122 178174 099099 059059 116114 134134 031030 015015 031034 008006 150150 005005 016016 020020 184184 095095 035035 160160 153153 133131 106107 112108 122122 114114 010010 148147 185185 172172 166166 187187 041041 096094 010010 156156 179179 048048 174174 054054 079079 126126 174176 070070 071071 041041 
pop 
5 14 , 159159 161160 193193 026026 037035 122124 181181 034034 104107 168168 189189 130131 075075 152152 096101 018018 017017 076076 050050 195195 071071 028029 153153 123127 014014 006006 054055 033033 124130 032032 171171 145143 195195 099099 127127 101101 112113 078077 169173 027027 006006 071071 036034 065065 032032 155155 056056 061061 131131 161161 187191 132132 198198 097094 005005 180180 120120 174178 096099 061061 117115 134134 031031 015015 034034 005005 150150 007007 016016 021021 184184 093093 035035 160162 153157 133133 107107 112112 122122 114114 010009 147147 185185 164166 165165 187187 045045 096096 013013 157157 179179 048048 174174 056056 079079 126126 176176 070070 073073 042042 
pop 
6 5 , 159159 160160 195195 026026 037035 124124 181179 032032 103104 165166 190190 132132 077077 150152 101101 016016 021021 076076 052052 197197 071071 027027 153153 124124 009009 008011 055055 032032 131131 033027 167167 144144 197197 099099 126127 100100 116116 079079 172172 027027 005003 069069 042034 063062 031031 155155 062062 063063 131136 160160 191191 133133 200200 097095 004004 180180 119119 177177 096099 063063 115115 136136 031031 013015 032032 008008 148148 006007 016019 020020 185185 098098 033033 162162 154154 133133 106106 108108 117117 113113 010006 146148 181181 166166 162162 184184 046041 095095 010013 157157 180180 048048 175171 057057 078078 128128 171171 071071 070074 040041 
pop 
6 6 , 159159 160160 195195 026026 035035 124124 181181 033034 103102 168168 189189 132132 075073 150150 097097 016016 021021 076076 049049 197197 071071 027027 153153 123123 011009 011011 055055 032032 124124 032027 167167 144144 196196 099099 127127 100100 115116 079079 172172 028024 003003 065065 034034 063062 031033 154155 062057 064064 132132 164169 190191 133133 200200 097097 004004 181181 120120 177177 097097 061061 115115 134134 030030 013013 031031 008005 149149 007007 019020 023022 185185 093096 033033 160162 153153 133133 107107 109109 122122 113113 010011 147149 189189 164164 162165 186186 046041 095095 012013 153153 178178 048049 174174 057056 078078 129129 172171 071071 070074 040040 
pop 
6 7 , 159159 160160 195195 033026 037037 124124 181181 034034 104104 165166 190189 132133 077077 150150 097097 016016 021021 077077 054054 197197 071071 029027 153153 123123 011011 011006 051055 032032 131131 027032 162167 144145 196196 099099 127127 100100 116116 077079 169169 027024 003003 070065 034034 062064 033033 154155 057057 064064 133133 161170 191191 132132 200198 097097 003004 180180 120120 177177 099099 061062 115115 135135 030031 015015 034034 005005 148148 006006 016016 020021 185185 096096 033033 160160 153151 133133 104104 109112 122122 114114 011011 146147 189189 172166 162162 185185 046046 096096 013013 153153 178180 044048 175171 057056 075080 123123 174174 071071 071071 042043 
pop 
6 8 , 162162 160160 195193 026032 037037 122124 181181 034034 104104 166166 190190 132132 077075 150150 101101 016017 021021 076076 050050 198195 072072 027027 153153 124124 014009 006006 054054 032034 131131 027032 162162 145145 197197 099099 128128 103103 112116 079079 173173 028028 003006 069069 042042 062062 033033 155155 057057 064064 133133 161169 190191 126126 198198 097097 003003 180180 120120 177178 096096 061062 115117 135136 031031 015015 032032 007005 150150 007007 020020 023023 185185 098097 033033 161161 157157 131131 106106 112112 118118 114113 010010 147147 182185 172172 162163 185185 046046 095095 013013 157157 179178 048048 175175 057056 079075 125125 173173 071071 074074 042042 
pop 
6 9 , 159159 160160 194194 032032 037037 124122 181181 036036 104104 168168 189189 132130 075075 151152 101101 016018 017017 076076 049050 198198 071071 029027 153153 123123 014014 011011 055055 034034 131131 026026 167167 146144 195195 099099 127127 100100 116116 078078 174169 024028 006006 065065 034034 062064 033033 155155 056057 062062 133133 169169 190190 132126 198198 097097 003003 180180 120120 178178 097096 062062 114117 135137 030030 015015 034034 005005 150148 004004 016016 021021 185185 094094 034034 162162 153153 131131 107107 108108 118118 114114 006006 147147 189185 172172 162162 185185 046046 095095 013013 157157 178178 048048 175175 057057 075075 125123 173174 071071 066066 042042 
pop 
6 10 , 161162 160160 194194 032032 037037 122124 181181 032036 104104 165168 189189 130130 077073 150150 101101 018018 021021 076076 054054 198197 071070 029029 153153 123123 014014 005011 053053 034034 131131 027027 167167 146146 196198 100099 127127 099100 115116 079079 174174 027027 006006 069065 034036 064062 033033 155155 057057 061061 133133 161161 194194 131131 198198 097097 006006 180180 120120 177177 097096 062062 115114 135135 031031 013015 031031 005005 149149 007006 016016 021021 186186 094094 034034 162162 157151 133131 106106 108108 122118 114114 006006 147147 189189 164172 166166 185185 046046 096095 013013 157152 178178 048048 174175 056057 075075 125125 173173 071071 066070 042042 
pop 
6 11 , 159159 160160 194194 033033 037037 124124 181181 034034 104103 166164 189189 130130 075075 152152 097101 018018 021021 076076 051051 195195 071071 028028 153153 123123 013013 011011 055055 034033 124131 032032 165165 144145 196195 099099 126126 099099 115115 078079 173173 024024 006006 065065 034035 065065 030030 155153 057057 061062 133133 164164 191191 132132 200198 097097 005005 180180 120120 178178 096096 061061 117117 137137 030031 015015 035035 005005 150150 007007 016016 020020 186186 099099 034034 161161 153157 132132 107107 107107 116116 114113 010010 147147 189189 172172 162162 188188 046046 095095 013013 152157 178178 048048 174174 057057 075075 125125 173173 070070 070070 042042 
pop 
6 12 , 159159 161161 194194 033033 034035 122122 179179 034033 104104 168168 189189 130130 075075 152152 097097 017016 021017 076076 050054 198198 071070 029029 152153 124123 013013 008011 053053 033033 124124 027027 167171 143144 198195 099099 127128 099099 112112 079078 173173 027027 006006 065065 036036 063063 033033 154155 056057 065065 131131 161161 191191 131131 198198 097097 006005 180179 120120 174178 096096 059059 115115 134134 033033 014015 032032 008007 150150 006006 016016 021021 187184 097097 033033 162162 157153 131131 107107 112113 122122 114114 010010 147147 188188 172166 162165 188188 046041 096096 013013 152152 179179 048048 174174 056056 075075 127126 173173 071071 070070 042042 
pop 
6 13 , 159159 159160 192192 033033 037037 122122 181181 034034 104104 166166 189189 130130 075075 151151 095101 017017 017021 076076 050054 198198 072072 028029 153151 127127 014014 008006 054054 033033 126124 027032 165165 145145 195195 099099 128128 101102 115115 079078 169172 027027 006006 065065 034034 065065 032032 154155 057057 065065 133133 161161 191191 132132 198198 097097 005005 179179 122120 178178 097096 059059 115115 135134 031031 014015 034031 005005 150150 005005 016016 021021 184184 097097 034035 161160 157157 134134 106106 113113 122122 115115 010010 147147 182182 172172 166165 187187 046046 096096 013013 157157 179179 044044 174174 056056 075075 127127 176176 070070 071069 041041 
pop 
6 14 , 159159 160159 193192 032033 035035 125124 181181 034034 107107 166168 189189 130130 075075 152152 096097 018021 017017 076076 050050 195195 071071 029028 151151 123123 011011 006006 054054 032033 126126 032032 171169 143143 195195 099099 127128 101101 112112 078078 173173 027027 006006 071071 036036 065065 032032 155155 057057 065065 134134 164164 191191 132126 198198 094094 005005 180180 122122 174174 096096 059062 115115 134134 031031 015016 031031 005005 149149 007007 019016 021021 184184 093097 031034 161160 157157 133134 107107 112112 122122 115115 010010 147147 185185 164164 166163 186186 046046 095095 013013 156156 179179 048048 174174 056056 075079 126128 176176 070070 073073 042042 
pop 
7 5 , 159159 160160 195195 032032 035035 124124 181181 032034 104104 165165 190190 132132 077077 152150 097097 016016 017017 076076 052052 197197 070071 027027 153153 123123 011011 011008 055055 033033 131131 032033 167167 145144 196200 099099 127127 100100 116115 079079 173173 027027 003003 065065 037034 063064 033033 155155 057057 064064 132132 161161 191191 133133 200200 097097 004004 180180 122122 177177 099097 063063 115115 136134 031031 013015 031031 008008 150150 007007 016021 021021 185184 098098 035035 162162 154154 133133 106106 109109 117117 113113 006006 148148 181182 172166 166166 186186 046046 095095 010010 157157 178178 048048 171171 056056 075075 125125 173173 070070 074074 042042 
pop 
7 6 , 159159 160160 195195 026032 037035 124124 181181 034036 104104 165165 188188 132132 077077 150150 097097 016016 021021 077077 049049 197197 071071 029029 153153 123123 009011 011011 055055 033033 124131 032032 167167 144144 196196 099099 128126 100100 115116 079077 172172 027027 003005 065065 034042 065065 030030 155155 057057 060060 133132 161161 191191 127133 200200 095097 006006 180180 122120 178178 100097 061065 117115 134134 031031 013013 032032 008008 150150 007006 017017 020020 185185 094093 034034 160160 157153 133133 106107 109112 117117 114114 010010 147147 182185 172172 165165 185185 046046 095095 012010 157153 179179 048048 175175 056057 079078 125125 173173 070069 071070 043042 
pop 
7 7 , 159159 161160 195197 032032 035035 122122 181181 036034 104104 166166 190188 132132 077077 152150 097097 018018 021021 076076 054049 197197 070070 027029 153153 123124 011011 011011 055055 033033 131131 027027 162167 144144 196196 099099 128127 099103 112112 079079 174174 027027 003003 065065 034034 064064 033030 155155 057057 064060 133133 170170 191191 132132 200200 097097 003003 180180 120120 177177 097097 061065 117117 136136 030030 013013 034031 005008 148148 007006 016016 020020 185185 093093 033033 160162 153155 131133 106106 112112 122122 114115 011011 147147 185185 172172 165166 185185 046046 095095 013013 153153 178178 044044 171171 057057 075075 125125 174173 069067 071071 042042 
pop 
7 8 , 159159 160161 195195 026026 035035 122122 181179 034034 104104 166166 190189 130130 077077 152151 097101 017017 023023 076077 049049 197197 071071 027027 153152 123124 011013 006006 054053 033033 131131 027027 162162 144144 195197 100099 127128 102102 114114 077077 174169 028027 003003 065065 039039 063063 033033 154154 057062 063063 133133 161161 191191 132132 200198 097097 003003 180180 120120 178178 097097 065065 117117 136136 031031 013013 035035 005007 150150 005005 016016 020020 186185 098098 031031 160160 151151 131131 107106 112112 122122 113113 010011 147147 185185 172172 166166 189189 046046 096095 013013 152153 179179 048048 175174 056057 079079 125125 173174 071071 074074 042042 
pop 
7 9 , 159161 160160 195193 026033 037037 124124 179179 036036 104104 168168 189189 130130 077077 151151 101097 016016 023023 078078 050050 198197 071071 027027 152152 123123 013013 006006 053053 033036 131126 027032 167167 144144 195195 099099 127127 102101 112112 078078 174169 027027 006006 065065 034034 065065 033033 155155 056056 062062 133133 161160 191191 132132 198198 095095 004004 180180 120120 178178 096097 064064 117117 136136 033033 013015 034034 007005 150150 006006 016016 021021 185185 099099 034034 161161 153151 132132 107107 113113 122122 115114 006006 146146 189189 172172 166166 186186 041041 095096 013013 152152 178178 048048 171171 057057 079079 125125 173173 071071 066074 042042 
pop 
7 10 , 161161 160160 193195 033032 037037 124124 179179 034034 104104 166166 189189 131131 077073 151151 101101 018018 017017 076076 050050 195198 070070 029029 153153 124124 014014 010010 053053 033033 126126 027027 165167 143143 198198 099099 127127 102102 116116 079079 169171 024027 003006 065065 034034 064064 033033 154154 057057 061061 133133 161161 194194 131131 198198 095097 003004 181178 120120 174174 096097 062062 117114 135135 033033 013013 034031 005005 150150 007007 016016 021021 186186 099099 034034 162162 153153 131131 107107 108108 122122 114115 010010 147146 189189 172172 165165 189186 046046 096095 013013 157157 178179 048048 175175 056056 079079 125125 173173 070071 070074 042042 
pop 
7 11 , 161161 160160 193195 026032 037037 124124 179179 034034 107104 166166 189189 130130 073073 151151 100100 018018 021021 077077 051051 197197 070070 029029 153153 124124 014014 008006 053053 032032 124124 027027 167167 145145 198196 099099 127127 102102 112112 078078 172169 027027 003003 065065 034034 063064 033033 153153 057057 062062 131131 160161 191191 133126 198198 095095 005005 178178 120120 175178 097097 062062 117114 134134 033033 015015 031031 005005 148148 006006 016016 020020 184186 099099 034034 161162 157157 132131 107107 112108 122122 114113 010010 146146 189182 168168 162162 189189 046046 096093 013013 152156 179179 048048 175175 056057 079079 125127 176173 071070 070070 042042 
pop 
7 12 , 159159 160160 194193 033033 038035 124124 181181 033034 104104 168168 189189 132132 077077 153151 100097 017017 021021 074076 051051 197197 070070 029029 153153 124124 014014 008008 054054 033033 131124 029029 167167 144144 196196 099099 128128 102102 115112 079079 169169 027027 003003 065065 036036 063063 033033 154153 057057 063063 131131 161161 191191 126131 198198 095097 005005 180181 122122 175175 096096 062062 115115 134134 033033 015015 034031 008008 150150 006006 016016 020020 184184 097097 033031 162162 157157 134134 107107 108108 122122 114114 010010 146147 188188 168168 165165 188188 046046 093093 013013 152152 178178 048048 175175 056057 079079 127127 173173 071070 070070 042042 
pop 
7 13 , 159159 159159 194194 032032 037037 122122 179180 034034 104104 166166 189189 131131 075077 153151 097100 018018 017021 076076 050047 198198 070070 029029 151153 124124 014014 008008 053053 033032 131131 029029 167167 144144 195195 099099 127127 099102 115115 078079 169169 027027 006003 065065 036036 063063 032032 153153 057057 063063 131131 161161 191191 133133 198198 095097 006006 180180 122122 178178 097097 062062 115115 134134 029029 014015 034034 006005 150150 007007 016016 021021 184184 099099 031033 160160 157157 133133 107107 112113 122122 114114 010010 147147 185185 172172 165165 187187 045041 094096 013013 152153 178179 048047 174174 056056 075075 127127 176173 070070 070070 042042 
pop 
7 14 , 159159 160160 192194 033033 035035 124122 181179 034034 107107 166168 189189 130131 077077 152152 101101 017017 021017 076076 049050 198198 076071 028029 153151 123123 014014 006006 053055 032031 130124 032032 167167 145145 195197 104099 128127 101099 112112 078078 169169 027027 006006 071071 036036 064065 030030 153153 057056 061061 131134 161161 191191 126126 198198 095095 005005 181180 122122 174174 096096 059059 115115 134134 031031 015015 034032 007004 149150 007007 016019 021021 184184 099095 031031 161161 157157 133133 107107 112112 122119 115114 010010 147147 185185 172164 165165 187187 048041 094096 013013 153153 179179 048048 174174 056057 079079 126126 174173 072072 073073 041041 
pop 
8 5 , 159159 160160 194194 033033 034034 124124 180180 034032 104104 166165 189189 132132 077077 151151 097103 016016 022022 077077 052052 197197 071070 027027 153153 124124 011011 010010 055055 033033 131131 032032 168168 144144 197197 099099 126126 100100 116112 079079 172172 027028 003003 065065 037037 062062 031031 155155 057057 060063 133136 161161 191191 127127 200199 097097 004004 180180 119120 177177 096096 061065 115115 134134 030030 013013 031034 008008 150150 007007 021021 020021 184185 098098 033032 162161 153154 132132 104106 108109 120120 114113 010010 148148 182182 172172 165165 186186 046046 095095 013013 157157 178178 049049 171175 056056 075075 128128 174174 071071 074074 042042 
pop 
8 6 , 159159 161161 196196 032032 035035 124124 181181 032032 104104 166166 189190 132132 075077 152152 103101 016016 022021 077076 052049 197197 070070 029029 152152 123123 011011 011011 055055 032033 131131 032032 167167 147147 196196 099099 127126 099099 112115 079077 172172 028028 003003 065065 034034 065065 033033 155155 057057 060060 136136 161161 191191 133133 200198 097097 004004 181180 119119 177177 097097 061061 115115 134134 031031 013013 034034 005005 150150 004006 016017 022022 186186 093093 033033 160160 153154 132132 104107 112112 122122 114114 009010 148148 189189 172172 165165 186186 046046 095095 013013 157153 178179 048048 175175 057057 078075 125125 174174 069069 074071 042042 
pop 
8 7 , 159159 160160 197195 032032 035035 124124 181181 034033 104104 166166 189189 132132 074074 151151 101101 017019 023023 077078 054052 197197 071071 029029 152152 123123 011011 006011 055054 032032 131131 032032 167167 144144 196196 099099 127127 103103 112112 079078 169169 027027 006006 065064 034034 064064 033033 155155 057057 062062 133133 161161 191191 126132 200200 097097 003003 180180 120120 178178 097097 061061 115114 135135 031030 015015 032034 008008 148150 006004 016016 022022 185186 096096 033033 160160 153153 132132 106106 112112 120120 113114 010010 147147 185182 172172 165165 188188 041041 095095 013013 157153 178178 049049 171171 057057 078075 125125 174174 071071 070070 042042 
pop 
8 8 , 161161 160160 193193 026026 037037 126126 181181 033033 104104 166166 190189 132132 077077 151151 097097 016016 021022 076076 052052 195195 071070 027027 152152 123124 011013 006010 054054 032032 124124 032027 167167 144144 196195 100100 127127 101100 112112 079079 169169 028028 003003 065069 034034 064064 033033 154154 057057 063063 131131 169169 191191 126132 198198 096097 003003 180180 120120 178178 099099 062062 115115 135135 031031 013015 031031 005005 150150 007006 016016 020021 186185 094094 031031 160161 153153 132132 106106 112112 122122 113113 010010 147147 185185 172172 163163 186186 041046 096096 014013 153153 178178 048049 174171 057056 079079 125125 173173 070070 070070 042042 
pop 
8 9 , 159159 160160 195195 026026 037037 124124 181181 036036 107104 166166 189189 131131 077073 151151 100100 016019 017022 078078 052054 195195 070070 027027 153152 124124 013013 011011 053054 033033 126126 032032 167167 144144 195198 099099 128128 101102 112112 078078 171172 027028 006006 065065 034034 065063 033033 155155 057057 063063 131133 160160 194191 132132 198198 095095 005003 180180 120120 175175 097097 064064 115115 136136 031031 015013 034034 005005 150150 007007 016019 021021 186186 099093 031031 161161 153153 132132 107107 112112 122122 113113 010010 148148 189189 172172 165165 186186 041041 096096 014014 158158 178178 048048 175175 056056 079079 125128 173173 070071 074074 042042 
pop 
8 10 , 159159 160161 193194 026026 034034 124124 181181 036036 107104 166166 189189 130130 077077 151151 100100 018018 023023 077077 052050 198198 071071 027027 153153 124124 014014 006006 053053 034033 124126 027032 167167 147144 195198 100100 127127 102102 116116 079079 172169 026027 006006 065065 034034 063065 033033 155154 057057 061062 131131 161161 191191 132132 198198 097097 003003 178178 120120 175178 099099 062062 114114 136136 030030 015015 031031 005005 150150 007006 016016 021021 186186 099099 031031 161161 153153 132132 106106 112112 122122 115114 010010 147148 189189 172172 166166 189186 046046 095096 014014 154153 178178 048048 175175 056056 079079 127127 173173 071071 074074 042042 
pop 
8 11 , 159159 160160 193193 032032 037037 124124 181181 034036 104104 166166 189189 130130 077077 150150 100100 018018 021021 076077 051051 197197 070071 027027 153153 123123 013013 011006 053053 033033 126126 032032 167167 144144 196196 099104 128128 102103 112116 079079 169169 024024 003006 065065 039036 065063 033032 155154 057057 062062 131131 161161 191191 126126 198198 095095 005005 180181 120120 178178 099099 062062 115115 136136 031031 013013 034034 005005 150150 007007 016016 020020 186186 099093 031031 162162 157157 132132 107107 112112 122122 114114 010010 147147 189189 172172 163163 186186 046046 096095 013013 156156 178178 048048 174174 056056 079079 125127 173173 070070 074074 041041 
pop 
8 12 , 159159 161161 195194 026026 037037 124124 179179 034036 104104 168168 189190 132132 077077 151151 097097 018021 021021 076076 051050 197190 070070 030030 153153 124124 013013 011011 053053 033032 124124 029027 167167 144144 196196 104104 128128 099099 115116 079079 169169 024024 003003 069069 036036 063063 033033 155155 057057 063063 133133 161161 191191 131131 198198 097095 005003 180180 120120 174174 096096 059062 115117 135134 033033 015015 034034 008008 148148 007007 016016 021021 186186 099099 031031 162161 157157 132132 107107 108108 122122 114114 010010 147147 190182 172172 165165 186186 046046 094096 013013 154154 178180 048048 174174 057057 079079 127127 173176 070070 073066 042042 
pop 
8 13 , 159159 160160 193193 033026 035035 124124 181181 033033 104104 166166 189189 132131 076076 151151 101099 021021 017017 076074 047047 197197 072071 028028 153153 124124 014014 010010 053053 033032 126126 029029 171171 143144 196195 104104 128128 099099 115115 079079 169169 027027 005003 069069 036035 065065 033033 153155 057057 063062 134134 161161 191194 133133 198198 097097 005005 180180 120120 174174 097096 062062 115116 134134 031029 015016 034034 005005 150150 005005 016016 023023 184184 099099 031031 161161 155153 133133 107107 113108 122122 114114 010010 147147 188188 168168 165165 186186 041045 094094 013013 153152 180178 048048 175174 056057 079079 126125 173174 070070 073073 041041 
pop 
8 14 , 159159 160160 193193 033033 035035 124124 183183 036036 107104 166168 189189 131131 076076 151151 101101 023021 021021 076076 047047 195198 071071 027028 153151 124124 014014 013013 053053 033033 126130 029027 165165 144144 195195 104104 127127 101099 112112 079079 169172 027027 003003 065065 036036 065065 030032 154155 057057 063063 131131 164161 191191 132132 198198 095097 005005 180180 122122 174174 096096 059062 115115 134134 031031 015015 032034 005007 150150 006007 016016 023023 184184 099099 031031 161161 153157 133133 107107 108108 121122 114114 010010 147147 190190 172172 165162 186186 048046 094094 014013 157157 178179 050050 176174 056054 079079 125125 176174 072072 073073 041041 
pop 
9 5 , 161162 160160 193195 026026 037037 124124 181181 032032 104104 165165 189189 131131 077077 150150 101101 017019 022022 075075 052052 197197 070070 027027 152153 124124 009009 008011 055055 033033 131131 032032 167167 144144 196197 099099 126128 101100 112112 079079 174174 027027 003005 065065 037039 062063 033033 155155 057057 062062 131131 170170 191191 127127 198198 096096 004004 180180 122122 175175 096096 061063 115115 136134 031031 015013 031031 005005 148148 006006 021021 021021 185185 093093 032035 162162 154154 131132 104107 112112 117117 113113 009009 149149 181181 166172 165164 186186 041041 095095 013013 157157 179178 049049 175175 056056 075075 123123 172174 070070 070071 042042 
pop 
9 6 , 162162 161161 195195 026026 035035 126126 181181 033033 103103 165166 189189 131131 078078 150150 101101 019017 022021 076076 052052 197197 070070 029029 153152 123123 009011 011011 055055 033033 131131 032032 162162 144144 195197 099099 128128 101101 112112 077077 173173 027027 003003 065065 037037 063063 033033 154154 056056 062062 131131 160161 191191 127127 198198 097097 004004 180180 122122 177177 100100 061061 115115 136136 030030 015013 032032 005005 148148 006006 016016 020021 184185 096096 032032 162161 153153 132132 107107 108108 122122 113113 010009 147147 185189 172172 165165 186186 041041 096096 013013 153153 178179 044044 175175 056056 078075 123123 174174 070069 070070 042042 
pop 
9 7 , 158158 161161 196195 032032 037037 124124 181181 033036 104104 166166 189189 132132 075075 151151 101097 017017 021021 076076 052052 197197 071071 029029 152153 127124 011009 011011 055054 033033 131131 032032 162162 144143 195195 099099 128128 099099 112112 079079 172171 028027 003003 065069 042042 065065 033031 154155 057057 062062 133133 161170 191191 132132 198198 097095 003003 181181 119120 178177 100095 061061 114115 136137 031031 013013 031031 008008 148148 005005 016016 021021 185185 093093 032031 161162 153153 133133 106106 112112 120120 114114 010010 146149 181181 164164 166166 188188 041041 096096 013015 158158 178178 049049 175175 057056 075075 125125 173172 070070 071071 041041 
pop 
9 8 , 161161 161161 195195 026026 035035 124124 181180 036036 104104 166166 190190 132132 077077 151151 097097 018018 022021 076076 047052 198198 070071 027027 152153 123123 009009 011011 054054 033033 131126 032032 162167 144144 195195 099099 128128 099099 112112 079079 171171 028028 003003 070070 034039 063063 033030 155155 062057 062062 133133 161169 194194 132132 195195 095095 003003 181181 120120 179179 097097 061061 115115 136136 031031 013013 031032 005005 150150 006005 016016 023021 186186 093093 032032 161162 153153 132132 107106 112108 122122 113113 010010 147147 181181 172166 166166 186186 041041 096096 013013 158158 178178 048048 175175 057057 079079 125125 173173 070070 070070 042042 
pop 
9 9 , 161161 160161 193193 026033 037037 124124 181181 033036 107104 166166 189190 132130 074074 151151 100097 018018 023021 077077 052052 195198 070070 029029 153153 124123 009013 006006 054055 033033 126126 032032 167167 144144 198198 099099 128127 099103 115115 078078 171171 027027 006006 065065 039039 063063 033033 154154 057057 062062 131131 169169 194194 132132 198198 095095 004004 180180 119119 175178 097097 062062 115115 136136 031031 013015 031031 007007 150150 005006 016016 020021 186186 093093 032032 161162 157153 133133 107107 111111 122122 113113 010010 147147 181181 166166 166166 186186 041041 096096 013013 158153 178178 048048 171171 057057 079079 127125 173173 070070 070070 040042 
pop 
9 10 , 161161 160160 194193 032032 037037 124124 181181 036036 104104 166166 190190 130132 077073 151151 100100 018018 021021 077077 050050 198198 071071 029030 153153 124124 013013 006006 054055 033033 126126 032032 167167 143143 196196 100100 127127 102103 115115 078078 169171 026027 005003 065065 039039 065065 033033 154155 057057 061062 131131 161161 191191 126132 198198 095095 004004 180180 120120 178175 099097 062062 115115 136136 030030 015015 031031 005005 150150 007007 016016 021023 186186 099099 031031 161161 153157 132133 105107 111111 122122 115115 010010 147147 190190 172172 165165 188188 041041 095095 014013 155155 178178 048049 174174 057057 078078 127127 174174 071071 074070 040040 
pop 
9 11 , 159159 160160 194194 031032 037037 124124 181179 036034 104104 164164 189189 131131 077077 151153 095095 018018 021021 076076 052052 198198 071071 029029 153151 124124 013013 011011 053054 033033 126126 032032 170162 143144 200200 099099 126126 103103 115115 079079 169169 024024 003006 065065 034034 065065 033033 154154 057056 062062 131131 161161 186186 126132 198198 095097 004004 181180 120120 175175 099099 062062 115114 136136 033033 015015 031031 005005 150148 007007 016016 023021 186186 093095 031031 162162 157157 132132 106107 111111 122122 114114 011011 147147 190190 172172 163163 186186 046046 096096 013013 156152 178178 048048 174174 056056 078079 127127 173173 070070 070070 040040 
pop 
9 12 , 159159 160160 194193 032032 035037 124125 179179 034034 104104 168168 190190 130132 077077 151151 097097 017018 021021 076076 052050 198198 071071 030030 153151 123124 013013 010010 055055 033032 126126 027027 167167 143143 196198 099099 126128 101099 115115 078078 173173 027027 005006 065065 036036 065065 033032 154154 057057 062062 131131 161161 186186 131131 198198 095095 005005 180180 121120 175174 096096 061064 117115 135135 033031 016015 031031 005007 148148 006007 016016 021021 184186 095095 031035 160160 153157 132132 107107 108108 122122 114114 010010 147147 188188 172168 163165 186186 041041 094094 013013 156156 178178 048048 174174 057057 078078 125125 176173 072072 066066 042042 
pop 
9 13 , 159158 160160 194194 032032 034034 124124 179179 033033 105103 164164 189189 130130 074074 151151 095095 018018 021021 076076 052052 198190 071071 030030 153153 123123 013013 010010 054054 033033 124124 027029 171171 144144 195200 104104 128128 101101 118118 078078 169169 027027 006003 065065 039039 065063 033032 154154 057057 062062 134134 161161 186194 131132 198198 097097 005005 181181 122122 177174 094096 059059 115115 136136 031031 013016 031031 005005 148148 007007 016016 021021 184184 099099 033033 162162 153153 133133 107107 112111 122122 114114 010010 147147 188188 172168 165165 186186 041041 096096 013013 156156 180178 048048 174174 056057 075079 125125 173173 070070 066073 042042 
pop 
9 14 , 158159 159160 193193 032032 037035 124123 183181 036034 103104 164166 189189 130130 077077 152152 097097 021021 021021 076076 052047 198198 070070 028028 153153 123123 014013 013006 053053 032032 124124 027027 171167 143143 195195 104104 128128 101101 114114 078078 169169 027027 006006 070070 039039 065065 032032 155155 057058 063061 134131 161161 186191 131131 198198 094097 005005 180180 122122 177177 096096 061062 115115 134134 031031 015013 034034 005005 150150 007007 016016 021020 186184 095095 031031 160160 157153 132132 107107 113113 122122 114114 010010 147147 182182 164164 165165 188188 041041 096094 013013 157157 178180 048048 174174 057057 079079 125125 176176 070070 073073 042042 
pop 
10 5 , 158158 160160 193193 026026 034035 124124 180180 033034 104104 166166 189189 132132 077077 150150 097097 017017 021016 077077 052052 195197 070070 029030 155155 124124 011011 008008 054054 032033 131131 032032 167167 144144 196196 099099 126126 100100 115115 079079 174174 027025 005003 065065 034034 062062 033033 154154 057056 062062 131134 160160 191191 133131 195195 097097 005005 181180 122122 177177 096096 065065 115115 136136 030030 015015 031032 008005 148148 006007 019019 020020 185185 093093 032031 161161 155154 133132 106106 112112 117117 113113 009010 148148 181181 172172 165165 186186 041041 096096 013013 157157 179179 049049 175175 056056 075081 123123 173173 070070 066066 041041 
pop 
10 6 , 158158 160160 197197 026026 037034 124124 180181 033033 104104 166166 189189 130131 077077 150150 097097 019017 021021 075076 052052 197197 071071 029029 155155 124124 011011 006006 054055 033033 131131 032032 167168 144144 197197 099099 126126 103101 115115 079079 174172 027027 003003 065065 039039 063063 033033 154154 057057 062062 131131 160160 191191 127127 198198 097097 004004 181181 120120 177177 095097 061061 115115 134136 030031 013013 031031 005005 148148 007007 021021 020020 185185 094093 031031 161161 155155 133133 106106 112112 122120 114114 009010 148148 182186 172172 165165 186186 041041 096096 013011 153153 179179 049049 174175 055055 081081 125125 174174 070070 070066 042042 
pop 
10 7 , 158158 161161 197196 033032 037037 124124 180180 033033 104104 166166 189189 130130 075075 150150 100103 017017 021021 077076 053052 195197 071071 029029 153153 124124 011011 006006 055055 032032 131131 034032 162163 144144 196196 099099 127127 101101 115112 079079 172172 027027 003003 070070 039039 063063 033033 155155 062057 062062 131131 171170 190190 132131 198198 097097 004004 180180 122122 178178 095095 061061 115115 136137 031031 013013 031031 005008 148148 005005 016021 021022 184184 093093 032031 161161 157155 133133 106106 110110 120120 114114 010010 149149 185182 172172 165165 186186 041041 095096 014014 157157 178178 049049 175175 056056 078078 123123 174174 070071 071071 041042 
pop 
10 8 , 158160 161160 195195 026026 037037 124124 179179 033033 104104 166166 190189 131132 077077 150151 100100 018016 021021 077077 053053 195195 071071 029029 153153 124124 009009 011006 055054 033032 129129 032032 162162 143143 198198 099099 128128 101101 115115 078078 171171 026027 003003 065065 039039 063063 033033 154154 057057 062062 131131 161161 194191 131131 198198 094095 003004 180180 122120 179179 096097 061061 114115 136136 031031 015013 031031 007005 150150 006006 016016 020020 185185 099093 032032 162162 157153 133133 106106 108111 122118 114114 010010 147148 182182 172172 165165 186186 041041 093093 014014 153153 178178 048048 174175 057057 079079 125125 174174 070070 070070 042042 
pop 
10 9 , 160161 161161 193193 026033 037037 124124 181181 033033 104107 166166 190190 131131 074074 150151 097097 018018 022022 077077 054054 195195 071071 029030 153153 124124 011009 010006 055054 032033 126126 032032 168168 144144 198198 099099 127127 102102 115115 079078 171171 027027 006006 069069 034034 063065 033033 154154 062057 062062 133133 161161 194194 132132 198198 095094 004004 178178 122119 178178 097097 061061 115114 136136 031031 015015 031034 007005 150150 006006 016016 021021 185185 099099 031035 162162 157155 132132 105105 111112 118122 114114 010010 147147 182182 172172 165165 186186 041041 096096 014014 158158 178178 048048 174175 057057 079079 125125 174174 071070 070070 040040 
pop 
10 10 , 159159 161161 194195 026026 037037 124124 181181 034034 103104 164164 190190 132132 074074 151151 101101 018018 017017 077076 052050 191191 072072 030029 153153 124124 011011 010009 055053 033033 126126 032032 168168 144144 198198 099099 127127 099099 115112 079079 169169 027027 005005 070065 036034 065065 033033 154154 057057 062062 134134 161161 191191 132132 198198 095095 003004 178178 120119 178178 097099 062062 115115 136136 030030 015016 031031 007007 150150 007007 016016 021021 186186 099099 031031 162162 157157 133133 107105 112112 118118 115115 010010 148148 182182 166172 165165 186186 047047 096095 014013 152154 179179 048049 175175 057057 079079 125125 175175 071070 070070 042040 
pop 
10 11 , 159159 161161 194194 032032 037037 124124 181181 034036 107107 164164 189189 131131 074074 151153 101101 018018 021021 076077 052052 198198 071071 030030 153153 127127 013013 010010 053053 033033 126126 032032 170168 144144 196196 099099 127127 099099 115115 079079 171169 027027 005006 065065 036036 065065 033033 154155 056057 064064 134131 161161 191194 132132 198198 095095 003003 180180 120120 177178 096094 062064 115115 135137 030029 016016 034031 005005 150150 007007 016016 021021 186186 099099 031031 162162 157155 133133 105106 112112 122122 114114 010010 148147 190190 172172 165163 186186 048048 093093 014014 156152 178178 048049 175175 057057 079079 125125 175175 070070 070070 040042 
pop 
10 12 , 159159 161159 196194 032032 037037 124124 179181 036036 104103 166166 189189 131132 076076 153153 101101 016016 021021 076076 052052 190190 070071 029029 153153 124124 013011 010010 055055 032032 126126 027029 170170 143144 200200 102099 128128 099099 116112 079079 173173 027027 003003 065065 036036 065064 033032 155155 057057 061061 133133 161161 191191 132132 200198 098098 005005 180180 120120 178178 096096 064064 116116 137134 030031 014015 031032 007008 150150 007007 016016 021021 186184 095095 031035 161162 155155 132133 106106 111111 122122 114114 010010 147147 186186 166172 166166 186186 041048 096094 014012 157157 179179 048048 175174 056056 079079 125125 173174 072072 070070 040040 
pop 
10 13 , 159158 160160 196196 033033 037037 125125 180180 036036 103104 166164 190190 132132 076076 151151 101101 018018 021021 077077 052052 198198 071071 030029 151151 124124 013013 010010 053053 032032 126126 027029 170170 143146 198200 102102 128128 099101 116116 078078 169169 027027 006003 065065 036035 063065 034033 154154 057058 062062 134134 161161 194194 126126 198198 097097 005005 181181 119119 178178 094094 059059 115116 137137 029029 015015 031034 005005 150150 007007 016016 021021 184184 095095 033033 162162 155157 133133 107107 111112 122122 114114 010010 147147 188188 168172 163163 186186 048048 093096 010010 156156 180178 048048 175175 056056 079079 125125 176174 072072 066066 042042 
pop 
10 14 , 159158 160160 196196 033033 034034 123123 181181 034034 104104 166166 189189 132132 076076 151151 101101 018018 021021 076078 047047 198198 076071 029029 151151 128128 013014 013013 053053 032032 124124 027027 171170 146146 200200 102102 126127 101101 114114 078078 169169 027027 006006 065065 039035 065065 033033 153153 057057 063063 131131 161161 190190 131131 198198 097094 005005 180180 119119 174177 096096 059059 116116 134134 028031 016016 034034 005005 150150 006006 016016 021021 186186 095095 032031 160160 157157 133133 106106 108108 120122 114115 010010 147147 188188 166166 163163 186186 045045 094094 014014 156156 178178 048048 174174 056056 075079 127127 176176 072072 073070 042042 
pop 
11 5 , 159158 161160 194194 026026 037037 122126 180180 032032 104104 166166 189189 130132 077077 150150 103097 017017 016016 076076 052052 197197 070072 027027 153152 123123 011011 008008 054054 033032 126131 032032 167167 144144 196200 099099 126127 101101 115115 079079 174175 027027 005005 068068 034034 063063 032032 155155 057057 062062 131131 160160 191191 133133 198198 095097 003005 180181 119119 178179 095095 061065 115115 136136 030030 013013 032032 011011 148148 007007 019019 019019 186184 093093 032032 162161 157153 132132 106106 110110 117117 113113 009010 148149 181181 172172 165165 186186 041046 096096 013013 157157 178178 048048 173174 056055 081081 125125 173173 070070 070067 041041 
pop 
11 6 , 159159 160160 196196 033026 037037 122122 181180 033033 104104 166166 189189 132130 077077 150151 097097 018018 021023 077077 052052 195197 071071 029029 152152 124124 011011 013013 054054 033032 131131 032032 165162 144144 197197 099099 126126 101101 112112 079079 172172 027025 005003 065069 037037 063063 032032 155155 057057 062062 133131 170160 191191 133133 198198 097097 005003 180180 119119 178178 096095 061061 115114 134134 031031 013013 031031 008008 150148 006006 021016 020020 184184 094094 032032 161161 151157 132132 106106 112112 117117 114114 009009 149148 181181 172172 165165 186186 046046 096096 013013 157157 179179 048048 174174 057057 075075 125127 173174 071067 070070 042042 
pop 
11 7 , 159159 160160 196196 033033 037037 122122 180180 036034 104104 166166 189190 132132 077077 151150 103103 017018 023023 077078 053053 195195 071071 029029 152152 123124 011011 010010 054054 033033 124124 032032 163163 144144 195195 099099 126126 102102 112112 077077 171171 027027 006006 068068 042034 063063 031031 155155 057057 063063 134133 170170 191191 132132 195198 094094 004004 180180 119119 175178 095095 061061 114114 136136 030031 013013 032032 008008 150150 007007 016019 021020 185185 094094 032032 161161 153155 131131 104104 111111 122122 114113 010010 148148 182182 172172 164164 186186 041041 095096 015015 158157 179179 048048 175174 056056 075075 127127 174174 070070 071070 042042 
pop 
11 8 , 161161 161160 196196 026033 037035 124126 180180 033034 104104 166166 190190 130130 077077 151151 097097 019019 021021 078078 053053 197197 071071 029029 153153 124124 013013 011011 054054 032033 124124 027027 162163 147144 200200 099099 128127 101101 112112 077078 171171 027027 006006 065065 042042 063063 032032 154155 057057 063063 131131 161161 194194 132132 198198 095094 004004 180180 119120 178178 095096 064064 114114 135135 031031 013013 031031 005005 150150 007007 016016 020020 185185 099099 032032 161161 151155 132132 106106 112112 122117 114114 010010 148148 182182 168168 165165 186189 041041 095095 013013 153153 178178 048048 174174 057058 079079 125125 174174 070070 070070 042042 
pop 
11 9 , 159161 161160 193193 026032 037037 124124 181180 036036 104104 166166 190190 131131 077077 151151 095101 019019 022022 078078 052052 197197 070071 030030 153153 124124 013013 011010 054054 032032 126124 032032 162162 144144 195197 099099 127126 101099 112112 079079 172169 027027 006006 065065 036036 063065 030030 155155 057056 062062 131131 161161 194191 132132 198198 094094 004004 177181 122122 175179 097097 061061 114115 136136 031031 015015 031031 008005 150150 006007 019019 021021 185185 095094 032035 162162 155153 132133 106106 112112 117117 115115 010010 148147 188188 172172 165165 186186 041041 096094 012012 155155 178178 049048 174174 057057 079079 125125 174174 070070 071071 040040 
pop 
11 10 , 159159 160160 193193 033026 037037 124124 181181 034034 104104 166166 190189 132132 074074 151151 095095 019019 022022 078078 050050 197197 070070 030030 153153 124124 013013 010010 055055 032032 126126 032032 171171 144144 198198 099099 126126 099099 112112 078078 171171 027027 005005 065065 039039 065065 033033 155155 057057 062062 134134 161161 194194 126132 198198 095095 005005 177177 120119 177177 099097 061061 114115 136136 030030 015015 031032 005005 151150 007007 021016 023023 186184 095095 031031 161161 153153 133133 106107 111111 122122 115115 010010 148148 182188 168168 167165 186186 046046 095096 012012 155155 178179 049049 171171 057057 081081 125125 174174 070070 071074 040040 
pop 
11 11 , 159159 160160 196195 032032 035035 124124 181181 036036 104104 166166 189189 130130 073077 154153 101101 018017 021021 076076 052050 198198 070070 030030 153153 124124 014013 010010 054054 033032 126126 032032 165170 143143 200200 099099 127127 099099 112112 078078 169169 027027 003003 070070 036036 063063 032032 154154 057057 062062 131131 161161 194194 132132 198198 097097 004004 177181 122120 178179 099099 064062 115115 136135 030030 015015 031031 005005 150150 007007 016016 021021 186186 099099 031031 162162 155157 133133 107107 111113 122122 114114 010010 147147 188188 168168 163165 186186 048046 096096 012012 155155 178178 048048 175175 057057 078081 125125 175174 070070 074070 040041 
pop 
11 12 , 158158 161161 194195 033033 035035 125125 183183 036036 104107 165165 190190 131131 077077 151151 101097 016016 021021 076074 050050 190190 071071 029029 153153 124124 013013 013013 053054 032032 124126 032032 170165 143143 200195 099099 126128 099099 116116 079078 172169 027027 003003 065065 039036 064064 033033 155155 057057 061061 131131 161161 194191 126126 198198 095097 004005 177177 122122 178174 096096 062062 117116 137137 030030 015014 031031 005005 150150 006007 016016 021021 186186 095099 031031 162162 157155 133133 106106 111111 122122 114114 010010 147147 182182 172172 164164 186186 046046 094094 013013 155155 179179 048048 174174 054056 079079 125125 173173 072072 070070 040040 
pop 
11 13 , 159159 160160 196196 033033 037037 124123 180180 034034 105105 165164 190190 131132 077077 151151 095095 016018 021021 077076 052052 190190 072071 029029 153153 127124 013013 013013 053053 032032 126126 029029 170170 143143 200198 099104 127128 099099 116116 080078 169169 027027 003003 065065 039039 063063 034033 154154 057057 063063 133133 161161 191191 131131 198198 097097 005005 181181 120122 174174 096096 064064 115115 137135 030030 016016 034033 008005 151151 006006 016016 021021 186186 099099 033033 161161 157157 131131 107107 111111 122122 114114 006010 147147 190188 172172 164163 186186 048048 095093 013013 153153 179179 050050 175174 054054 079079 127125 173173 070070 066066 041041 
pop 
11 14 , 160158 161161 196196 032033 034034 124123 181181 034034 103103 166166 190190 131130 076077 151151 098101 018018 021021 076076 052052 198198 071071 029029 151151 127127 013013 013013 053053 032032 124126 027027 171171 143143 198200 104104 126126 099099 112114 078078 169169 027027 003003 070065 039039 065065 032032 155155 057057 062062 134134 161161 194194 131131 200200 097097 005005 180180 122122 174174 096096 061061 115115 135135 031030 016016 034032 005005 150150 007007 016016 023023 186186 095095 031031 161161 153154 131131 106106 108111 122122 114115 010006 147148 185188 168172 164164 186186 041041 094094 014014 157155 179179 050050 175174 056057 079081 125125 171171 072070 066066 042042 
pop 
12 5 , 161161 159160 196196 033026 037037 126126 181181 036036 104104 166166 189189 132130 073077 151151 099098 017017 021021 077076 052052 197197 072072 027027 153153 124124 011009 005005 054054 033033 126126 027027 171162 144144 197197 099099 127126 100100 112112 079079 174174 027027 003003 065065 039039 063063 033033 154154 057057 062062 131134 164164 191191 126126 198198 097097 003002 180180 119121 175175 096096 065061 115115 136136 031031 013013 034034 007005 148148 007007 021021 020020 185185 093093 032032 162162 157157 132132 106106 110114 117122 113113 010010 150147 181187 172166 165165 186186 041041 095095 016016 157152 179179 048048 174174 057057 078078 125130 173173 070070 071071 042042 
pop 
12 6 , 161161 159159 196196 033033 035035 122122 181181 036036 104104 166166 189189 132132 078078 152152 103103 017017 023023 078078 052052 197197 071072 027029 155155 123123 009009 006013 054054 033032 126126 030030 165163 143147 200200 099099 127127 101101 112112 079079 172174 027027 003003 065065 034034 063063 033033 155155 056056 062062 131131 161161 191191 133133 198198 095097 003005 180180 119119 175175 096096 063063 115115 134134 030030 016015 031034 007005 148148 006006 021021 021021 184184 098098 032032 161161 155151 132132 104106 112112 122122 114114 010010 148148 182182 172172 165165 186186 041045 096096 013015 152157 177179 048048 174174 057057 079078 125125 174174 067067 066066 040040 
pop 
12 7 , 160159 160160 194194 033033 037037 122122 181180 036034 104104 166166 189189 132132 078078 150150 103104 018018 021021 078076 053052 197197 071071 029029 153153 123124 015015 008008 053053 033033 124124 034034 167171 147143 200200 099099 127127 101101 112112 077079 171172 027027 003003 065065 039039 063063 033033 156156 056056 062062 134134 170170 191191 126132 198198 095094 005005 178180 119119 175175 096096 061063 117117 135136 030030 015015 031031 005005 151151 005007 016016 021020 186186 099099 032032 161162 155155 131132 104104 112111 122122 114114 010010 147147 182182 166172 164164 186186 041041 096096 014014 152155 179179 048049 174174 057056 079079 124124 173173 070070 070071 042042 
pop 
12 8 , 160159 161161 196196 033033 035035 124124 181181 034033 104104 166166 190190 132132 077077 150150 103103 018018 021021 077077 052052 197197 072072 029029 153153 124124 009009 010011 054054 033033 124124 031031 162162 144147 195195 099099 127127 099101 112117 078078 172172 027027 003006 068068 039039 063063 033033 156156 062057 062062 134134 170161 191191 126126 198198 095095 004004 180180 119119 178178 096096 061061 115115 135135 030030 015015 031031 005005 150150 007007 019019 020020 185185 099099 032032 162161 155155 133133 104106 112112 120120 114114 010010 147147 182182 173173 165165 186186 041041 095095 012013 152153 178178 049049 171171 057057 079079 125125 173174 070070 070070 042042 
pop 
12 9 , 160161 161161 194196 026031 037037 124124 180181 036036 104104 166166 190190 132130 077077 153153 098098 018018 021021 076076 047047 195195 071070 030029 152152 124124 009009 011011 054054 033033 124124 026026 167162 144144 200200 099099 127127 099102 118118 079079 172172 027027 003003 065065 039039 063063 032032 154154 062057 062062 133133 161161 191191 126126 198198 095095 003003 180177 119119 175175 096096 062060 117117 136135 031030 015015 031031 008008 150150 007007 021021 020020 185185 094099 035031 162161 157157 131131 104104 112112 118118 114114 009009 148148 182182 172166 164164 186186 044044 096096 013013 155155 178178 049048 171171 057057 079079 128128 174173 069070 071071 040040 
pop 
12 10 , 161161 159159 195195 033033 035035 122126 181181 036036 103103 166166 189189 132130 074074 151151 095095 019019 021021 076077 050050 197190 070071 030030 152152 124124 011011 006006 054054 032032 124126 032032 165165 144144 196200 099099 126127 099099 112118 079079 171172 027027 003003 065069 039039 063063 032033 155155 057057 062062 133133 161161 191191 132126 198198 095095 003003 177177 120120 178177 096096 061061 115115 136136 030030 015015 031031 011011 150150 007007 016016 021021 186186 095095 031035 162161 152155 133133 106106 112108 122122 114114 006009 147148 182182 172172 167167 183186 044046 095094 013013 155155 178178 048048 174171 057057 079079 128130 174175 067067 071071 040040 
pop 
12 11 , 161161 159159 193195 031033 035035 124124 181181 036036 104104 166164 190189 131130 075075 151151 101101 018018 021021 076076 050052 198198 070070 030030 153152 124124 009009 010006 054054 032032 126126 032032 165165 144144 196196 099099 126127 099101 118118 078079 171171 026027 006006 065065 039039 065065 032032 154154 057060 062062 131131 161161 191191 133133 198198 097097 003004 181181 122122 179179 099099 061064 116116 135135 030031 015015 031031 005005 150150 007007 016019 021021 186186 095095 032032 162162 157157 133133 106106 112112 122122 114114 006006 147147 188188 172168 165165 186186 046046 095095 013013 155155 178178 048048 174174 055055 079079 125125 173173 069067 071071 040040 
pop 
12 12 , 159159 160160 194194 032032 038038 124124 181181 034034 103103 164164 190190 131131 077077 154153 097097 016017 021021 074074 052052 190190 070070 029029 153153 124124 013013 010013 054054 032032 126124 027027 170170 143144 200200 099099 126126 101099 112116 079078 171171 027027 003003 070070 039039 065065 033032 155155 060060 063063 131131 161161 193193 131131 198198 095095 004004 180177 122122 174177 096096 064064 117117 137136 030030 015015 031031 005007 150150 007006 016015 021021 185185 094094 031031 162162 155155 133133 106106 108108 122122 114114 010010 147147 182182 168168 165165 186186 048045 094094 013013 157157 178178 050048 171171 054054 079079 125125 173173 072067 066071 040040 
pop 
12 13 , 160159 160160 194194 033033 037037 124124 180180 034034 103103 164166 190191 132132 075075 154154 101101 017018 023021 076074 050052 197197 072072 029029 153153 124124 011011 013013 053054 032032 126124 027027 165170 144144 197198 099099 126126 099099 112112 079079 171171 027027 003003 070070 039039 065065 032032 153153 057057 063063 133131 161161 191191 127127 198198 097097 005006 180180 122120 178178 096096 062064 116117 136134 030031 015016 032032 010010 151151 007007 021021 021021 186186 094094 031032 161161 153153 131131 105105 108108 122121 115115 006006 147147 185185 164172 165165 186186 046048 095093 010010 156157 178179 048048 174174 054054 081079 127127 173173 070070 066066 040040 
pop 
12 14 , 160160 161161 196196 032033 035035 124124 180180 033033 104103 166165 191191 132130 077077 151151 098097 017017 021021 076076 050050 197197 071071 030030 153153 124128 013013 010010 053053 032032 131131 027029 171165 146146 200200 099099 126126 101101 118112 079079 169169 027027 003003 065070 036036 065065 033034 155155 057057 063063 131134 161161 186186 131127 200200 095095 005005 180180 120120 177177 096096 061060 117117 135135 031031 013015 032032 005005 150150 007007 021021 023021 186185 099094 032031 161162 157157 133133 107107 112112 122122 115115 006006 147147 182182 166168 165165 187186 041041 095095 010010 155155 178178 050048 175175 054054 079079 127127 176176 070070 066067 040040 
pop 
13 5 , 161161 159159 194194 031026 037037 126126 181181 034034 104104 166166 189189 132132 073077 152152 099099 017019 021021 078078 052052 197197 072072 029029 150150 127127 011011 005005 055055 033033 131131 032032 162162 144144 195195 099099 126126 100100 112112 079079 174174 027027 003005 069069 037037 063063 033033 155155 056057 062062 131131 169169 191191 126125 198198 095095 003003 180180 119119 175175 095097 061061 115115 137137 030030 015013 032031 008008 148147 007007 023023 020021 185185 097097 032032 161162 153153 132132 106104 114114 120120 114114 010010 150148 181182 166166 165165 186186 041041 096096 015015 157157 179179 048048 174174 057057 079078 130130 173173 067067 066066 041041 
pop 
13 6 , 161161 161161 194196 033033 035035 126126 181181 034034 104104 166166 189189 132132 078073 150151 101101 017017 021021 078077 049049 197197 072072 029027 150150 124127 011011 010010 054054 033033 126126 032032 171171 144144 195195 099099 127127 099101 112112 079079 174174 027027 003005 065065 036039 063063 034033 156156 057057 062062 134134 161161 191191 133133 198198 095095 004005 180180 119119 178178 096097 061061 115115 135137 030030 013015 032032 006006 148148 007007 019019 020020 186186 098098 032032 161161 151154 131131 106106 114114 120120 112112 010010 148148 189189 166166 165165 186186 041041 096096 015015 157157 179179 048048 174174 057057 079079 125125 174174 067067 071071 041040 
pop 
13 7 , 159159 161160 196196 032032 035035 124126 181181 034034 104104 166166 190189 132132 078078 150150 103101 017017 021023 078078 049049 197197 071071 029029 155155 123124 015015 010010 054054 033033 125125 034034 171171 143143 200200 099099 127127 101099 112112 079079 174174 027027 003003 065069 039036 063063 034034 155156 057057 061062 134134 161170 191191 126126 198198 095095 003003 180180 119119 178178 096096 060061 114115 135136 031031 015015 032032 007005 151151 006007 016016 020020 185185 097094 032032 161161 151151 133133 104104 110110 120120 112112 010010 148148 182182 166166 164164 186186 041041 096096 013013 155155 179179 048048 174174 057056 079079 125125 173173 070070 066066 040040 
pop 
13 8 , 159159 161161 196196 033033 034035 124124 183183 033036 104104 166166 190190 130132 078077 151150 095095 021017 023021 078078 052052 197197 071071 025030 153153 124128 009009 010010 054054 033032 126126 027027 171162 147147 195195 099099 127127 099099 118118 078078 172172 027027 006003 068068 039036 063063 031031 155155 057057 062061 134134 161161 191191 126126 198198 095095 003003 180180 119119 178178 096096 064064 115117 135135 031031 013013 031031 007011 150150 007007 016016 020020 185185 094099 031031 161161 153153 133133 106106 112112 120122 115112 010010 148148 188189 167167 164164 186186 041041 095095 012013 156156 178178 051048 174174 057058 079079 125125 173173 070070 066066 040040 
pop 
13 9 , 158159 160161 196196 033032 035035 124124 181181 036034 104104 166166 190190 130132 077077 151151 103103 018018 021021 078076 047049 197197 070070 030029 152152 124124 009009 011011 054054 033033 126126 034026 171171 144143 195195 099099 127126 099099 118118 078078 172172 027027 003003 069069 039039 063063 032032 155155 057057 061061 133133 161161 191191 126133 198198 095095 004004 180180 119119 178178 096096 064064 117117 136136 031031 015015 031031 008008 150150 007007 019019 020021 186186 099099 031031 161161 153153 132132 106106 111112 122122 115115 010010 148148 188188 172172 164164 189189 041041 096096 013013 156156 178178 049048 171171 055057 079079 128125 173173 070070 070070 040040 
pop 
13 10 , 161158 161161 193193 026033 035035 124124 181181 036033 103104 166166 191191 131131 077077 151151 095095 017018 021021 074074 049049 197195 070070 030030 153153 128124 009009 006013 054054 032032 126124 026026 171162 144144 198198 099099 127127 101101 118118 078078 171171 027027 003003 070070 039039 063063 034034 155155 057057 061061 131134 161161 193191 132132 198198 095095 004003 177177 119120 175178 098097 060060 115117 134134 031031 015015 031031 008008 150150 007007 021016 021020 186186 099099 031031 161161 157153 133132 107107 111108 122122 115114 009010 146146 188188 166166 167167 186186 041041 095095 013013 156156 178178 048049 174174 055055 079079 130127 173173 067067 066066 040040 
pop 
13 11 , 158158 160160 193195 033031 035035 123123 181181 036036 103107 166166 189189 131131 073077 154154 095095 017017 023023 076076 048048 197193 072072 027027 153153 124124 009009 013013 054054 032032 124124 032032 162170 144143 198198 099099 126127 099099 118112 078078 169171 026026 003003 069069 039039 065063 032032 155154 057057 063062 134134 161164 191191 133133 198198 097097 004004 181181 119119 178179 094094 064060 117117 136136 030030 015015 031031 008008 150150 007007 016016 021021 186186 095095 031031 161161 151153 133132 106106 111111 122122 114114 006010 147146 188188 164168 164164 186186 048048 096095 013013 155155 179179 048048 174174 057057 079079 125125 173173 070070 066071 040040 
pop 
13 12 , 160158 160160 195195 032032 035035 123122 181181 036036 104103 166166 190190 131131 077077 154154 101101 017017 023023 078078 048048 190195 072072 027027 152152 127127 011011 013013 054054 032032 124124 027027 170170 143143 198200 099099 126126 101101 116116 078079 171171 026026 003003 070070 039039 064064 034034 155155 057057 064063 131131 161161 191194 132132 198198 095095 004004 180180 120120 177177 098098 060060 115115 139136 030030 015015 031032 008008 148150 007007 016016 021021 186186 094094 031031 161161 155155 133133 107106 111112 122122 112112 010010 146146 182182 164164 165164 186186 046046 093093 013013 156156 178178 048048 174174 057054 079081 131125 171173 067067 067067 040040 
pop 
13 13 , 160160 160160 195195 033032 035037 123122 181180 036036 104103 166166 190190 131131 077077 151151 098098 017017 021023 074078 052052 197197 071072 029029 153153 127127 011011 010010 054054 032032 124124 027027 170168 144144 200198 099099 127126 099099 112117 079078 169169 027027 003003 070070 039039 065065 032033 155155 057057 063063 134131 161161 193191 131127 198198 097097 004004 180179 120119 177177 096096 060059 117117 136136 029029 016016 032032 008008 150150 007007 016016 021021 186185 099099 031031 161161 154154 132132 107107 112108 122122 115114 010010 146146 185185 164172 167167 186186 048048 095095 013014 156156 178178 048048 175174 057057 079079 131125 170173 070067 066071 040040 
pop 
13 14 , 159159 161161 195195 033033 037037 122122 181181 033033 104103 166166 190190 131131 077077 151151 098098 017017 023023 078074 049049 197197 071071 025025 152152 127127 009009 013013 054054 033033 124124 027027 163163 143144 198198 104099 126126 101101 111111 079078 169169 027027 003007 070070 034034 065065 034034 155155 057057 063063 131131 161161 191193 127126 198198 097097 004004 180180 120120 177174 098096 060060 115115 136135 030030 016016 032032 007007 150150 007007 016016 021021 186186 095095 031031 161161 154157 133133 107107 111108 120120 115115 006010 146146 185185 172172 165165 186186 041041 095094 008008 155156 178178 048048 174174 054056 081081 126125 170170 070067 066066 040040 
pop 
14 5 , 159159 161161 195195 026026 035035 124124 181181 034034 104104 166166 189189 132132 077077 150150 105105 017017 023021 077075 049049 191197 071071 025025 150150 127127 009009 005005 054054 033033 126126 032032 163163 144144 195195 099099 127127 101101 112118 079079 174168 024025 005005 068068 039039 063063 032032 155155 057056 064064 131131 164164 190191 125132 198198 095094 004004 180180 119119 178178 097097 060060 115117 134134 031030 016016 031031 011008 148148 007007 021021 021020 186186 098097 032032 162162 153153 132132 105105 112114 120120 114115 010010 148148 187187 166166 164164 186186 041041 095095 010015 157157 178178 048048 174174 057057 075075 127125 173173 070070 071071 041042 
pop 
14 6 , 159159 161161 195195 032032 035035 126126 181181 034034 104104 166166 189189 132132 077077 150150 101101 017017 021023 078078 052049 197191 071071 026029 150150 123127 011011 008005 055054 033033 131123 034030 163163 144143 196196 099099 128128 099101 112112 079079 174174 027025 005005 065068 036036 063063 032032 155155 062057 062062 134131 161161 191191 133125 198198 095095 004004 180180 120120 178179 097097 064060 115115 135135 030030 016016 031031 006006 148148 007007 019019 020020 186184 094094 032032 161161 153157 132132 106106 112112 117117 112114 010010 150150 189189 166166 165165 186186 046046 093093 015014 157157 179179 048048 174174 056056 081081 125125 173173 070070 066066 041040 
pop 
14 7 , 160160 161161 193195 032031 035035 126126 181181 034034 103103 166166 189189 132132 077077 150150 103103 017017 021021 075078 048048 191198 071071 025027 150150 123124 009009 005005 054054 032032 126126 032031 171171 143143 196197 099099 127127 101099 112112 079079 174174 027027 005005 065068 039039 063063 034035 156155 056056 061062 134134 161169 191191 133133 198198 095095 004004 180180 120120 179179 095097 061061 114114 136136 030030 013013 031031 008008 151151 006006 021019 021020 184184 098098 031032 162162 155155 132133 104104 110110 117122 114114 010010 148148 187187 168166 165165 186186 041046 096094 015014 157157 179179 048048 174174 057057 081081 124124 173173 070070 066066 040040 
pop 
14 8 , 159159 161161 196196 032032 035035 124124 181181 033033 103103 166166 191191 132132 077077 154154 095095 017017 021021 078078 049049 197197 071071 025027 153153 124124 009009 010010 054054 032032 123123 027027 162162 144144 200200 099099 127127 099099 112118 079078 172172 027027 003003 065065 039039 063063 031031 155155 057062 061061 134134 169161 191191 133133 198198 095095 004004 180180 120120 178178 097096 064064 117117 135133 030031 015013 032032 011011 151151 007007 021019 020020 185185 096099 031031 161161 157153 132132 104104 112112 122122 114114 010010 148148 188188 167167 165164 186186 041041 093093 013013 155155 178179 048048 174171 057057 081081 130130 173173 070070 070066 040040 
pop 
14 9 , 158158 161161 194196 032032 035035 122124 181181 036036 105105 166166 190191 131132 077077 153153 095103 017016 021021 078077 049049 197197 070070 029025 153153 126126 013013 010010 054054 033033 126126 027027 162162 143143 200195 099099 129129 099099 118118 079079 172172 027027 003003 068066 039039 063063 034032 154154 057057 062062 134134 164161 191191 133133 198198 095095 004003 180180 119119 178178 097097 060060 115115 135136 030030 013013 031031 007007 148148 007007 021019 021020 185185 094094 031031 161161 151151 132132 106106 111111 122119 115115 010010 148148 188188 166166 164164 189186 041041 096096 014013 156152 178178 049049 171171 057057 078078 130130 175175 067070 066066 040040 
pop 
14 10 , 158158 161161 193193 026032 035035 126126 181179 033036 103103 166166 190190 132132 077077 150150 095095 017021 021021 078077 049049 195195 071071 030025 153153 124124 013011 006006 054054 032032 126126 033033 164162 143143 198198 099099 129126 099099 118116 078078 171169 027026 003003 070070 039039 065065 032032 155155 057057 062062 131131 161161 193193 132132 198198 095095 003004 180180 119119 175175 096097 064064 115115 136136 030031 015015 031031 008008 150150 007007 019019 021021 186186 099099 031031 161160 157157 131131 106106 111111 122122 114115 010010 146148 182182 166166 164164 186186 041041 095094 013013 156156 179179 049049 173173 055057 079078 125127 175175 067067 066066 040040 
pop 
14 11 , 159159 160161 193193 026026 035035 123123 180180 036034 103103 166166 191189 131131 077073 154154 097097 021021 023023 078078 052052 198198 072072 029029 151151 126126 013009 013010 054054 032032 126126 027033 171171 144144 197198 099099 126126 099099 118118 078078 172172 026026 002003 070070 039040 063063 032032 155155 057057 062062 134134 161161 193193 126126 198198 097097 003004 180180 119120 179179 097096 060060 116116 135136 030030 015015 031031 008008 150148 007007 015015 021021 186186 095095 031031 161161 152152 132132 106107 112111 121121 115112 010006 146148 188188 172172 164164 186186 046046 093096 012012 152155 179179 048048 174174 055057 081079 125125 175175 067065 071066 040040 
pop 
14 12 , 159160 161160 194194 026026 035035 125125 180180 034036 103103 166166 190190 131131 077077 154154 097097 021017 023023 078078 048047 197197 072071 025025 151151 127124 011011 013013 054054 032032 124124 027027 163168 144144 200197 104104 126127 099099 118118 078078 171172 027027 003003 065065 039036 065065 033033 155155 057057 063063 131131 164164 193193 126132 198198 095095 004004 177177 120120 177177 096096 061061 116116 136136 030030 015015 031031 007008 150150 007007 016016 023023 186186 096099 031031 161161 151151 133133 106107 112112 121121 114114 009006 146147 185182 166166 164165 186186 048048 095093 013010 152152 179179 048048 174174 054054 081081 125125 175175 070070 066066 040040 
pop 
14 13 , 159159 160160 194195 026026 035037 124124 181179 036036 103103 166166 190190 131131 077077 154154 098098 021021 023023 078076 049049 190190 072072 029029 153153 124127 009014 013013 054054 032032 126124 027027 171171 144144 197198 104104 127127 099099 118117 078078 171169 027027 007007 066066 037037 065065 032032 155155 057057 064063 131131 164164 191191 131131 198200 097098 004004 177177 120120 178178 096096 061061 116114 135136 031031 015015 032032 008008 150150 007007 016016 021021 186185 096096 031031 162162 157151 133133 107107 111111 119119 115115 006006 146146 182182 172172 164167 186186 048048 095095 012013 152152 178178 049049 177177 054056 081081 131131 173171 070070 066066 040040 
pop 
14 14 , 159159 161161 194194 032033 037035 124124 181181 034034 103104 166166 190190 131131 077077 154154 098098 016017 020020 076074 052049 190197 070070 029029 153153 127127 011011 013013 054054 032032 126126 026026 163163 144144 198197 099099 127127 101101 113118 079078 171170 027026 006006 070070 039039 065063 032032 153153 057057 064064 134134 161161 190190 131127 198198 097095 004004 180180 120120 177178 098098 060060 115116 136136 030030 015015 031031 007007 150150 007007 019016 023021 186185 095096 031031 161161 151151 133132 105105 108108 122122 115115 006006 146146 185182 166166 164164 186186 041046 093093 010010 156156 178178 048048 175175 054054 081081 125125 171169 070070 066066 040040 
